0.0	3e-06	-127637.3819
0.0	3.08e-06	-127637.3819
0.0	3.16e-06	-127637.3819
0.0	3.24e-06	-127637.3819
0.0	3.32e-06	-127637.3819
0.0	3.4e-06	-127637.3819
0.0	3.48e-06	-127637.3819
0.0	3.56e-06	-127637.3819
0.0	3.64e-06	-127637.3819
0.0	3.72e-06	-127637.3819
0.0	3.8e-06	-127637.3819
0.0	3.88e-06	-127637.3819
0.0	3.96e-06	-127637.3819
0.0	4.04e-06	-127637.3819
0.0	4.12e-06	-127637.3819
0.0	4.2e-06	-127637.3819
0.0	4.28e-06	-127637.3819
0.0	4.36e-06	-127637.3819
0.0	4.44e-06	-127637.3819
0.0	4.52e-06	-127637.3819
0.0	4.6e-06	-127637.3819
0.0	4.68e-06	-127637.3819
0.0	4.76e-06	-127637.3819
0.0	4.84e-06	-127637.3819
0.0	4.92e-06	-127637.3819
0.0	5e-06	-127637.3819
0.0	5.08e-06	-127637.3819
0.0	5.16e-06	-127637.3819
0.0	5.24e-06	-127637.3819
0.0	5.32e-06	-127637.3819
0.0	5.4e-06	-127637.3819
0.0	5.48e-06	-127637.3819
0.0	5.56e-06	-127637.3819
0.0	5.64e-06	-127637.3819
0.0	5.72e-06	-127637.3819
0.0	5.8e-06	-127637.3819
0.0	5.88e-06	-127637.3819
0.0	5.96e-06	-127637.3819
0.0	6.04e-06	-127637.3819
0.0	6.12e-06	-127637.3819
0.0	6.2e-06	-127637.3819
0.0	6.28e-06	-127637.3819
0.0	6.36e-06	-127637.3819
0.0	6.44e-06	-127637.3819
0.0	6.52e-06	-127637.3819
0.0	6.6e-06	-127637.3819
0.0	6.68e-06	-127637.3819
0.0	6.76e-06	-127637.3819
0.0	6.84e-06	-127637.3819
0.0	6.92e-06	-127637.3819
0.06	3e-06	-124704.42535
0.06	3.08e-06	-124596.424871
0.06	3.16e-06	-124536.008514
0.06	3.24e-06	-124381.471577
0.06	3.32e-06	-124263.682978
0.06	3.4e-06	-124190.596665
0.06	3.48e-06	-124027.600936
0.06	3.56e-06	-123992.339499
0.06	3.64e-06	-123925.298628
0.06	3.72e-06	-123811.835666
0.06	3.8e-06	-123733.045597
0.06	3.88e-06	-123641.000978
0.06	3.96e-06	-123513.354702
0.06	4.04e-06	-123453.609897
0.06	4.12e-06	-123333.328088
0.06	4.2e-06	-123244.368057
0.06	4.28e-06	-123177.136359
0.06	4.36e-06	-123119.894781
0.06	4.44e-06	-123067.585013
0.06	4.52e-06	-122881.224137
0.06	4.6e-06	-122802.60097
0.06	4.68e-06	-122694.981421
0.06	4.76e-06	-122618.343732
0.06	4.84e-06	-122564.724319
0.06	4.92e-06	-122487.961968
0.06	5e-06	-122293.40716
0.06	5.08e-06	-122253.247276
0.06	5.16e-06	-122061.276485
0.06	5.24e-06	-122013.378927
0.06	5.32e-06	-122139.039036
0.06	5.4e-06	-121858.517871
0.06	5.48e-06	-121868.50556
0.06	5.56e-06	-121715.651283
0.06	5.64e-06	-121595.800534
0.06	5.72e-06	-121511.341055
0.06	5.8e-06	-121512.051147
0.06	5.88e-06	-121316.326399
0.06	5.96e-06	-121433.945552
0.06	6.04e-06	-121325.59705
0.06	6.12e-06	-121854.488701
0.06	6.2e-06	-121063.345209
0.06	6.28e-06	-121019.489677
0.06	6.36e-06	-120705.155277
0.06	6.44e-06	-120797.732644
0.06	6.52e-06	-121124.204193
0.06	6.6e-06	-120695.925468
0.06	6.68e-06	-120687.70314
0.06	6.76e-06	-120207.295844
0.06	6.84e-06	-120225.289867
0.06	6.92e-06	-120267.019017
0.12	3e-06	-123220.483439
0.12	3.08e-06	-123076.054606
0.12	3.16e-06	-122881.244656
0.12	3.24e-06	-122885.147281
0.12	3.32e-06	-122646.071986
0.12	3.4e-06	-122629.143966
0.12	3.48e-06	-122365.896283
0.12	3.56e-06	-122275.89434
0.12	3.64e-06	-122243.064618
0.12	3.72e-06	-121906.550137
0.12	3.8e-06	-121858.374709
0.12	3.88e-06	-121927.050891
0.12	3.96e-06	-121617.778283
0.12	4.04e-06	-121470.656835
0.12	4.12e-06	-121602.445526
0.12	4.2e-06	-121215.536862
0.12	4.28e-06	-121682.0673
0.12	4.36e-06	-121109.475701
0.12	4.44e-06	-121087.294572
0.12	4.52e-06	-120802.190606
0.12	4.6e-06	-120807.210435
0.12	4.68e-06	-120609.76378
0.12	4.76e-06	-120555.973005
0.12	4.84e-06	-120385.265689
0.12	4.92e-06	-120314.201288
0.12	5e-06	-119925.343364
0.12	5.08e-06	-120094.582986
0.12	5.16e-06	-119488.667998
0.12	5.24e-06	-119583.763403
0.12	5.32e-06	-119451.947347
0.12	5.4e-06	-119349.284246
0.12	5.48e-06	-119083.843711
0.12	5.56e-06	-118743.685872
0.12	5.64e-06	-118880.243213
0.12	5.72e-06	-118970.840255
0.12	5.8e-06	-118852.07742
0.12	5.88e-06	-118439.421742
0.12	5.96e-06	-118351.581448
0.12	6.04e-06	-118490.359749
0.12	6.12e-06	-117770.680159
0.12	6.2e-06	-117999.843822
0.12	6.28e-06	-117954.194027
0.12	6.36e-06	-117809.600257
0.12	6.44e-06	-117698.696508
0.12	6.52e-06	-117121.358457
0.12	6.6e-06	-117399.056409
0.12	6.68e-06	-116467.633404
0.12	6.76e-06	-116800.87958
0.12	6.84e-06	-116951.143133
0.12	6.92e-06	-116843.297213
0.18	3e-06	-122016.619812
0.18	3.08e-06	-121889.855232
0.18	3.16e-06	-121693.016697
0.18	3.24e-06	-121735.497991
0.18	3.32e-06	-121603.409964
0.18	3.4e-06	-121891.944734
0.18	3.48e-06	-121307.477649
0.18	3.56e-06	-121201.119509
0.18	3.64e-06	-121028.855666
0.18	3.72e-06	-120701.058647
0.18	3.8e-06	-120485.76973
0.18	3.88e-06	-120324.535622
0.18	3.96e-06	-120245.981189
0.18	4.04e-06	-120075.814154
0.18	4.12e-06	-119960.794001
0.18	4.2e-06	-119824.716115
0.18	4.28e-06	-119760.713543
0.18	4.36e-06	-119487.487436
0.18	4.44e-06	-119026.422806
0.18	4.52e-06	-118541.650047
0.18	4.6e-06	-118952.707074
0.18	4.68e-06	-118967.597276
0.18	4.76e-06	-118399.38704
0.18	4.84e-06	-118871.053358
0.18	4.92e-06	-118048.673347
0.18	5e-06	-117862.666498
0.18	5.08e-06	-117323.56791
0.18	5.16e-06	-117788.474782
0.18	5.24e-06	-117657.608599
0.18	5.32e-06	-117514.847322
0.18	5.4e-06	-116965.855835
0.18	5.48e-06	-117489.734111
0.18	5.56e-06	-117749.937574
0.18	5.64e-06	-116120.274182
0.18	5.72e-06	-115646.293362
0.18	5.8e-06	-116424.740998
0.18	5.88e-06	-116008.408125
0.18	5.96e-06	-116950.526627
0.18	6.04e-06	-115822.440722
0.18	6.12e-06	-115212.752368
0.18	6.2e-06	-114650.678664
0.18	6.28e-06	-115981.112375
0.18	6.36e-06	-114712.779568
0.18	6.44e-06	-114692.316278
0.18	6.52e-06	-114493.744966
0.18	6.6e-06	-114798.309942
0.18	6.68e-06	-114054.900837
0.18	6.76e-06	-114983.154201
0.18	6.84e-06	-113238.246603
0.18	6.92e-06	-114817.488794
0.24	3e-06	-121318.982183
0.24	3.08e-06	-121136.616284
0.24	3.16e-06	-121223.887562
0.24	3.24e-06	-120660.970907
0.24	3.32e-06	-120631.414372
0.24	3.4e-06	-120417.684862
0.24	3.48e-06	-120058.333478
0.24	3.56e-06	-119995.949698
0.24	3.64e-06	-119583.978924
0.24	3.72e-06	-119621.766095
0.24	3.8e-06	-119152.027646
0.24	3.88e-06	-119275.347989
0.24	3.96e-06	-118967.558878
0.24	4.04e-06	-118463.086203
0.24	4.12e-06	-118745.215033
0.24	4.2e-06	-118356.247196
0.24	4.28e-06	-118443.849784
0.24	4.36e-06	-117604.732423
0.24	4.44e-06	-117930.823053
0.24	4.52e-06	-117838.487924
0.24	4.6e-06	-117321.200448
0.24	4.68e-06	-117044.354089
0.24	4.76e-06	-117263.594363
0.24	4.84e-06	-116602.219134
0.24	4.92e-06	-116270.845121
0.24	5e-06	-116327.565971
0.24	5.08e-06	-116127.141597
0.24	5.16e-06	-116446.711729
0.24	5.24e-06	-115724.816332
0.24	5.32e-06	-115057.418512
0.24	5.4e-06	-115692.702306
0.24	5.48e-06	-116054.29557
0.24	5.56e-06	-115496.096033
0.24	5.64e-06	-115013.57311
0.24	5.72e-06	-115612.126703
0.24	5.8e-06	-115058.979528
0.24	5.88e-06	-113897.857694
0.24	5.96e-06	-115818.494035
0.24	6.04e-06	-113151.076719
0.24	6.12e-06	-112736.373638
0.24	6.2e-06	-112604.970341
0.24	6.28e-06	-113478.684246
0.24	6.36e-06	-115753.468273
0.24	6.44e-06	-112557.191594
0.24	6.52e-06	-112722.977433
0.24	6.6e-06	-111549.652703
0.24	6.68e-06	-112761.443359
0.24	6.76e-06	-111773.187342
0.24	6.84e-06	-111615.303963
0.24	6.92e-06	-109818.644579
0.3	3e-06	-120762.153223
0.3	3.08e-06	-120262.493927
0.3	3.16e-06	-119847.15353
0.3	3.24e-06	-120016.736579
0.3	3.32e-06	-119714.041323
0.3	3.4e-06	-119438.87548
0.3	3.48e-06	-119401.998613
0.3	3.56e-06	-118513.574533
0.3	3.64e-06	-118749.306477
0.3	3.72e-06	-118435.195673
0.3	3.8e-06	-118473.556578
0.3	3.88e-06	-117931.260557
0.3	3.96e-06	-117725.468429
0.3	4.04e-06	-117887.459884
0.3	4.12e-06	-117710.337462
0.3	4.2e-06	-117311.788602
0.3	4.28e-06	-116888.954079
0.3	4.36e-06	-116727.892002
0.3	4.44e-06	-116720.515724
0.3	4.52e-06	-115873.07728
0.3	4.6e-06	-115506.071324
0.3	4.68e-06	-115787.261505
0.3	4.76e-06	-114820.85313
0.3	4.84e-06	-114516.550037
0.3	4.92e-06	-114494.529836
0.3	5e-06	-114946.099233
0.3	5.08e-06	-114678.179125
0.3	5.16e-06	-115248.472265
0.3	5.24e-06	-114287.115046
0.3	5.32e-06	-114180.142345
0.3	5.4e-06	-113014.869858
0.3	5.48e-06	-114997.616428
0.3	5.56e-06	-113639.12404
0.3	5.64e-06	-113545.483415
0.3	5.72e-06	-113560.219291
0.3	5.8e-06	-112466.433441
0.3	5.88e-06	-113284.667293
0.3	5.96e-06	-115493.824116
0.3	6.04e-06	-110234.254401
0.3	6.12e-06	-110912.255867
0.3	6.2e-06	-111805.244694
0.3	6.28e-06	-110450.661012
0.3	6.36e-06	-111448.529385
0.3	6.44e-06	-112403.247602
0.3	6.52e-06	-110952.510153
0.3	6.6e-06	-110960.849317
0.3	6.68e-06	-109018.919054
0.3	6.76e-06	-111999.790511
0.3	6.84e-06	-111092.209554
0.3	6.92e-06	-112271.219404
0.36	3e-06	-121102.306979
0.36	3.08e-06	-119496.37215
0.36	3.16e-06	-119287.620933
0.36	3.24e-06	-118768.432042
0.36	3.32e-06	-118655.332432
0.36	3.4e-06	-118338.50888
0.36	3.48e-06	-118043.848721
0.36	3.56e-06	-117378.14455
0.36	3.64e-06	-117533.579871
0.36	3.72e-06	-117807.901169
0.36	3.8e-06	-117614.184775
0.36	3.88e-06	-117054.034637
0.36	3.96e-06	-116309.073098
0.36	4.04e-06	-117431.075819
0.36	4.12e-06	-115840.703005
0.36	4.2e-06	-115392.870523
0.36	4.28e-06	-116114.44892
0.36	4.36e-06	-115006.556039
0.36	4.44e-06	-114679.920055
0.36	4.52e-06	-115213.52864
0.36	4.6e-06	-114187.624721
0.36	4.68e-06	-114520.594298
0.36	4.76e-06	-113773.578012
0.36	4.84e-06	-113479.493444
0.36	4.92e-06	-113801.0417
0.36	5e-06	-114081.994624
0.36	5.08e-06	-112416.425374
0.36	5.16e-06	-111951.648304
0.36	5.24e-06	-113160.112056
0.36	5.32e-06	-113775.076229
0.36	5.4e-06	-114273.313137
0.36	5.48e-06	-112865.833505
0.36	5.56e-06	-110299.453704
0.36	5.64e-06	-111277.925947
0.36	5.72e-06	-112691.933337
0.36	5.8e-06	-112971.247257
0.36	5.88e-06	-109672.080875
0.36	5.96e-06	-110668.822762
0.36	6.04e-06	-111803.062979
0.36	6.12e-06	-111193.111438
0.36	6.2e-06	-112270.40426
0.36	6.28e-06	-110136.275783
0.36	6.36e-06	-107495.571118
0.36	6.44e-06	-112055.311645
0.36	6.52e-06	-111280.983847
0.36	6.6e-06	-110832.722389
0.36	6.68e-06	-113085.452851
0.36	6.76e-06	-110596.608657
0.36	6.84e-06	-107534.958651
0.36	6.92e-06	-108479.361976
0.42	3e-06	-119121.310046
0.42	3.08e-06	-118361.048167
0.42	3.16e-06	-118482.390828
0.42	3.24e-06	-117749.703344
0.42	3.32e-06	-118138.59214
0.42	3.4e-06	-117106.895568
0.42	3.48e-06	-117470.336147
0.42	3.56e-06	-117270.912805
0.42	3.64e-06	-117539.792119
0.42	3.72e-06	-116851.71596
0.42	3.8e-06	-115646.181483
0.42	3.88e-06	-116001.419498
0.42	3.96e-06	-115161.299683
0.42	4.04e-06	-114841.025212
0.42	4.12e-06	-115660.628916
0.42	4.2e-06	-114670.671128
0.42	4.28e-06	-114382.104575
0.42	4.36e-06	-115049.86609
0.42	4.44e-06	-114106.209675
0.42	4.52e-06	-113033.149593
0.42	4.6e-06	-114068.251879
0.42	4.68e-06	-114535.51983
0.42	4.76e-06	-112992.661854
0.42	4.84e-06	-111729.321065
0.42	4.92e-06	-113157.262516
0.42	5e-06	-112678.793385
0.42	5.08e-06	-113520.969419
0.42	5.16e-06	-113388.548653
0.42	5.24e-06	-112433.655045
0.42	5.32e-06	-112167.580972
0.42	5.4e-06	-111290.255178
0.42	5.48e-06	-111966.863191
0.42	5.56e-06	-111780.219322
0.42	5.64e-06	-109877.04256
0.42	5.72e-06	-111494.065565
0.42	5.8e-06	-112704.134873
0.42	5.88e-06	-107753.47521
0.42	5.96e-06	-110091.775847
0.42	6.04e-06	-108605.441164
0.42	6.12e-06	-110237.323295
0.42	6.2e-06	-109996.384065
0.42	6.28e-06	-113616.675875
0.42	6.36e-06	-106021.043307
0.42	6.44e-06	-106498.963213
0.42	6.52e-06	-107689.935304
0.42	6.6e-06	-106442.749245
0.42	6.68e-06	-108099.216298
0.42	6.76e-06	-104517.821315
0.42	6.84e-06	-107271.176699
0.42	6.92e-06	-106607.30672
0.48	3e-06	-118382.925656
0.48	3.08e-06	-118118.319197
0.48	3.16e-06	-117663.739872
0.48	3.24e-06	-117206.052423
0.48	3.32e-06	-116792.876316
0.48	3.4e-06	-117261.151329
0.48	3.48e-06	-116471.242597
0.48	3.56e-06	-116618.041809
0.48	3.64e-06	-115921.173037
0.48	3.72e-06	-115355.867558
0.48	3.8e-06	-115204.501435
0.48	3.88e-06	-115121.587044
0.48	3.96e-06	-114603.733557
0.48	4.04e-06	-114556.095764
0.48	4.12e-06	-114680.26204
0.48	4.2e-06	-114532.88428
0.48	4.28e-06	-112645.300431
0.48	4.36e-06	-112532.048306
0.48	4.44e-06	-113005.907533
0.48	4.52e-06	-112236.067037
0.48	4.6e-06	-115549.534411
0.48	4.68e-06	-112150.158206
0.48	4.76e-06	-111593.016237
0.48	4.84e-06	-115857.391162
0.48	4.92e-06	-113024.825907
0.48	5e-06	-110663.181351
0.48	5.08e-06	-110478.049217
0.48	5.16e-06	-110647.932032
0.48	5.24e-06	-111854.25758
0.48	5.32e-06	-111260.596451
0.48	5.4e-06	-111846.702702
0.48	5.48e-06	-112249.535227
0.48	5.56e-06	-107554.756095
0.48	5.64e-06	-109363.018963
0.48	5.72e-06	-110865.950128
0.48	5.8e-06	-108279.906907
0.48	5.88e-06	-106942.968427
0.48	5.96e-06	-108936.946356
0.48	6.04e-06	-110274.262241
0.48	6.12e-06	-107128.110396
0.48	6.2e-06	-107408.636652
0.48	6.28e-06	-109731.460038
0.48	6.36e-06	-106857.149253
0.48	6.44e-06	-113117.516931
0.48	6.52e-06	-107296.751723
0.48	6.6e-06	-103740.855644
0.48	6.68e-06	-108756.636394
0.48	6.76e-06	-108908.889665
0.48	6.84e-06	-109345.722438
0.48	6.92e-06	-103949.651123
0.54	3e-06	-117433.088799
0.54	3.08e-06	-117090.855913
0.54	3.16e-06	-117088.99447
0.54	3.24e-06	-116924.002796
0.54	3.32e-06	-116494.487486
0.54	3.4e-06	-115350.2874
0.54	3.48e-06	-115891.617943
0.54	3.56e-06	-114686.819779
0.54	3.64e-06	-115607.811107
0.54	3.72e-06	-114598.830827
0.54	3.8e-06	-115890.357323
0.54	3.88e-06	-114424.964182
0.54	3.96e-06	-114650.69558
0.54	4.04e-06	-114009.082631
0.54	4.12e-06	-113306.345279
0.54	4.2e-06	-114887.154834
0.54	4.28e-06	-112875.787724
0.54	4.36e-06	-112986.064763
0.54	4.44e-06	-112098.084896
0.54	4.52e-06	-111355.34702
0.54	4.6e-06	-111241.245077
0.54	4.68e-06	-111080.591759
0.54	4.76e-06	-110263.680362
0.54	4.84e-06	-110722.180115
0.54	4.92e-06	-111472.125649
0.54	5e-06	-109763.508749
0.54	5.08e-06	-109087.54133
0.54	5.16e-06	-109543.480923
0.54	5.24e-06	-108059.126408
0.54	5.32e-06	-108569.780362
0.54	5.4e-06	-110479.226736
0.54	5.48e-06	-110899.099018
0.54	5.56e-06	-105892.67485
0.54	5.64e-06	-113191.855597
0.54	5.72e-06	-110447.300643
0.54	5.8e-06	-107253.163586
0.54	5.88e-06	-112769.256454
0.54	5.96e-06	-105631.108152
0.54	6.04e-06	-109734.598573
0.54	6.12e-06	-105221.594077
0.54	6.2e-06	-107202.167001
0.54	6.28e-06	-109413.299992
0.54	6.36e-06	-110950.777038
0.54	6.44e-06	-107369.225804
0.54	6.52e-06	-113916.377546
0.54	6.6e-06	-107562.625374
0.54	6.68e-06	-98789.5970208
0.54	6.76e-06	-107113.749607
0.54	6.84e-06	-111597.669406
0.54	6.92e-06	-109491.719879
0.6	3e-06	-117111.370914
0.6	3.08e-06	-116359.06913
0.6	3.16e-06	-116149.875083
0.6	3.24e-06	-116182.549513
0.6	3.32e-06	-115867.221305
0.6	3.4e-06	-115551.828343
0.6	3.48e-06	-115491.085685
0.6	3.56e-06	-115255.483722
0.6	3.64e-06	-114406.398312
0.6	3.72e-06	-114891.035231
0.6	3.8e-06	-114466.218078
0.6	3.88e-06	-113109.021573
0.6	3.96e-06	-112839.418971
0.6	4.04e-06	-113783.877565
0.6	4.12e-06	-111614.228633
0.6	4.2e-06	-112895.821768
0.6	4.28e-06	-112229.663288
0.6	4.36e-06	-109809.609576
0.6	4.44e-06	-113118.550459
0.6	4.52e-06	-112938.130121
0.6	4.6e-06	-111819.055639
0.6	4.68e-06	-109366.948789
0.6	4.76e-06	-108260.097383
0.6	4.84e-06	-112449.87579
0.6	4.92e-06	-108925.651467
0.6	5e-06	-113901.228535
0.6	5.08e-06	-108435.406823
0.6	5.16e-06	-111039.356202
0.6	5.24e-06	-107167.236197
0.6	5.32e-06	-107259.289934
0.6	5.4e-06	-109859.539851
0.6	5.48e-06	-108801.567749
0.6	5.56e-06	-107503.003072
0.6	5.64e-06	-104398.534911
0.6	5.72e-06	-111703.432918
0.6	5.8e-06	-109834.868429
0.6	5.88e-06	-111672.237164
0.6	5.96e-06	-112520.721732
0.6	6.04e-06	-103520.805912
0.6	6.12e-06	-103911.340288
0.6	6.2e-06	-110731.78621
0.6	6.28e-06	-112520.99775
0.6	6.36e-06	-109886.688359
0.6	6.44e-06	-101923.46501
0.6	6.52e-06	-106001.543909
0.6	6.6e-06	-108762.654976
0.6	6.68e-06	-100182.399444
0.6	6.76e-06	-111175.785175
0.6	6.84e-06	-109615.53114
0.6	6.92e-06	-113379.996471
0.66	3e-06	-116706.038471
0.66	3.08e-06	-116448.356184
0.66	3.16e-06	-115529.39302
0.66	3.24e-06	-115253.310876
0.66	3.32e-06	-115063.250208
0.66	3.4e-06	-114721.884164
0.66	3.48e-06	-115910.794939
0.66	3.56e-06	-114613.228304
0.66	3.64e-06	-113919.428201
0.66	3.72e-06	-113402.191525
0.66	3.8e-06	-113494.372333
0.66	3.88e-06	-111946.825688
0.66	3.96e-06	-112126.734237
0.66	4.04e-06	-111310.573578
0.66	4.12e-06	-112240.868057
0.66	4.2e-06	-111022.131648
0.66	4.28e-06	-113556.284765
0.66	4.36e-06	-110799.963987
0.66	4.44e-06	-111640.576717
0.66	4.52e-06	-109218.810774
0.66	4.6e-06	-110398.958333
0.66	4.68e-06	-108898.220224
0.66	4.76e-06	-106875.972603
0.66	4.84e-06	-110642.063746
0.66	4.92e-06	-111934.271176
0.66	5e-06	-108389.804628
0.66	5.08e-06	-110477.920103
0.66	5.16e-06	-110496.984737
0.66	5.24e-06	-107011.36274
0.66	5.32e-06	-110098.126161
0.66	5.4e-06	-108441.191452
0.66	5.48e-06	-110836.167936
0.66	5.56e-06	-111374.876095
0.66	5.64e-06	-105359.321834
0.66	5.72e-06	-105043.5072
0.66	5.8e-06	-108392.072968
0.66	5.88e-06	-112506.731665
0.66	5.96e-06	-108940.311337
0.66	6.04e-06	-108136.839794
0.66	6.12e-06	-103119.156953
0.66	6.2e-06	-113730.044805
0.66	6.28e-06	-107603.260867
0.66	6.36e-06	-104165.253915
0.66	6.44e-06	-109463.035701
0.66	6.52e-06	-110618.637911
0.66	6.6e-06	-101227.263006
0.66	6.68e-06	-108352.218444
0.66	6.76e-06	-112835.998119
0.66	6.84e-06	-103342.700428
0.66	6.92e-06	-107242.477482
0.72	3e-06	-115884.681339
0.72	3.08e-06	-116056.277554
0.72	3.16e-06	-115868.200555
0.72	3.24e-06	-115266.755111
0.72	3.32e-06	-114636.082562
0.72	3.4e-06	-113177.336499
0.72	3.48e-06	-113036.266971
0.72	3.56e-06	-113632.577751
0.72	3.64e-06	-113193.750811
0.72	3.72e-06	-111018.068647
0.72	3.8e-06	-111318.425287
0.72	3.88e-06	-111196.449296
0.72	3.96e-06	-111319.951291
0.72	4.04e-06	-112223.877159
0.72	4.12e-06	-112252.844683
0.72	4.2e-06	-111856.372449
0.72	4.28e-06	-113202.691646
0.72	4.36e-06	-111967.823359
0.72	4.44e-06	-111284.389896
0.72	4.52e-06	-114061.747291
0.72	4.6e-06	-106260.059003
0.72	4.68e-06	-108622.954005
0.72	4.76e-06	-110258.091861
0.72	4.84e-06	-113053.253438
0.72	4.92e-06	-104241.606245
0.72	5e-06	-106025.807195
0.72	5.08e-06	-111319.709055
0.72	5.16e-06	-111022.690531
0.72	5.24e-06	-102873.855503
0.72	5.32e-06	-109764.436868
0.72	5.4e-06	-111163.208558
0.72	5.48e-06	-103088.147534
0.72	5.56e-06	-112567.219277
0.72	5.64e-06	-112136.717965
0.72	5.72e-06	-111753.418874
0.72	5.8e-06	-106954.723169
0.72	5.88e-06	-111185.620217
0.72	5.96e-06	-112183.16507
0.72	6.04e-06	-104888.552266
0.72	6.12e-06	-107458.105884
0.72	6.2e-06	-105572.611524
0.72	6.28e-06	-102593.797439
0.72	6.36e-06	-102112.310743
0.72	6.44e-06	-109293.809123
0.72	6.52e-06	-109935.656425
0.72	6.6e-06	-101059.572281
0.72	6.68e-06	-106689.656601
0.72	6.76e-06	-112039.453837
0.72	6.84e-06	-103937.533322
0.72	6.92e-06	-106059.561746
0.78	3e-06	-115248.123322
0.78	3.08e-06	-115511.938532
0.78	3.16e-06	-115228.550649
0.78	3.24e-06	-114638.404494
0.78	3.32e-06	-114266.373499
0.78	3.4e-06	-113288.773976
0.78	3.48e-06	-112942.537379
0.78	3.56e-06	-113448.073766
0.78	3.64e-06	-112256.878562
0.78	3.72e-06	-112072.940792
0.78	3.8e-06	-111210.215993
0.78	3.88e-06	-113565.731536
0.78	3.96e-06	-113336.450211
0.78	4.04e-06	-109880.551285
0.78	4.12e-06	-112714.884015
0.78	4.2e-06	-109931.269092
0.78	4.28e-06	-113610.447186
0.78	4.36e-06	-106921.073131
0.78	4.44e-06	-111178.936588
0.78	4.52e-06	-107692.069728
0.78	4.6e-06	-110390.638873
0.78	4.68e-06	-109718.520336
0.78	4.76e-06	-109933.130949
0.78	4.84e-06	-112324.627814
0.78	4.92e-06	-106226.71721
0.78	5e-06	-105806.212467
0.78	5.08e-06	-109778.661979
0.78	5.16e-06	-105312.206428
0.78	5.24e-06	-113612.931727
0.78	5.32e-06	-102335.40531
0.78	5.4e-06	-109735.304704
0.78	5.48e-06	-112803.124377
0.78	5.56e-06	-103330.733867
0.78	5.64e-06	-111157.853721
0.78	5.72e-06	-105918.516015
0.78	5.8e-06	-114355.887368
0.78	5.88e-06	-102151.532334
0.78	5.96e-06	-106735.853262
0.78	6.04e-06	-108401.990165
0.78	6.12e-06	-103131.75446
0.78	6.2e-06	-99031.7784506
0.78	6.28e-06	-110534.371042
0.78	6.36e-06	-105867.020591
0.78	6.44e-06	-111101.238843
0.78	6.52e-06	-111572.607056
0.78	6.6e-06	-106788.128433
0.78	6.68e-06	-108672.784711
0.78	6.76e-06	-101086.250412
0.78	6.84e-06	-112054.272655
0.78	6.92e-06	-114295.775743
0.84	3e-06	-115674.731144
0.84	3.08e-06	-114458.125043
0.84	3.16e-06	-114003.479932
0.84	3.24e-06	-116758.79075
0.84	3.32e-06	-113953.513195
0.84	3.4e-06	-113513.951022
0.84	3.48e-06	-111633.311531
0.84	3.56e-06	-113420.317749
0.84	3.64e-06	-111348.663939
0.84	3.72e-06	-111465.666466
0.84	3.8e-06	-111165.545871
0.84	3.88e-06	-111260.961176
0.84	3.96e-06	-111135.287509
0.84	4.04e-06	-111316.782371
0.84	4.12e-06	-109187.410031
0.84	4.2e-06	-110427.89697
0.84	4.28e-06	-110148.622563
0.84	4.36e-06	-110120.802294
0.84	4.44e-06	-110427.926527
0.84	4.52e-06	-106526.195711
0.84	4.6e-06	-111197.231179
0.84	4.68e-06	-104725.066632
0.84	4.76e-06	-112185.99367
0.84	4.84e-06	-104744.649798
0.84	4.92e-06	-107509.571973
0.84	5e-06	-110201.563725
0.84	5.08e-06	-108011.737451
0.84	5.16e-06	-106399.953481
0.84	5.24e-06	-105423.463795
0.84	5.32e-06	-102627.517862
0.84	5.4e-06	-105444.898408
0.84	5.48e-06	-106266.966395
0.84	5.56e-06	-111128.015987
0.84	5.64e-06	-101476.278051
0.84	5.72e-06	-108366.56715
0.84	5.8e-06	-108531.294687
0.84	5.88e-06	-114462.319937
0.84	5.96e-06	-104397.077735
0.84	6.04e-06	-109987.000082
0.84	6.12e-06	-114051.392334
0.84	6.2e-06	-111894.366277
0.84	6.28e-06	-102534.947795
0.84	6.36e-06	-102688.855106
0.84	6.44e-06	-111431.03618
0.84	6.52e-06	-107102.232423
0.84	6.6e-06	-106606.93246
0.84	6.68e-06	-101130.222258
0.84	6.76e-06	-111294.129828
0.84	6.84e-06	-100434.590877
0.84	6.92e-06	-101911.344449
0.9	3e-06	-114889.911921
0.9	3.08e-06	-114688.947883
0.9	3.16e-06	-113955.547491
0.9	3.24e-06	-112557.123185
0.9	3.32e-06	-112621.736591
0.9	3.4e-06	-112501.275566
0.9	3.48e-06	-112954.968162
0.9	3.56e-06	-112311.502065
0.9	3.64e-06	-112688.368314
0.9	3.72e-06	-110890.04551
0.9	3.8e-06	-112468.804596
0.9	3.88e-06	-112999.094134
0.9	3.96e-06	-106961.852985
0.9	4.04e-06	-108270.711757
0.9	4.12e-06	-114459.084655
0.9	4.2e-06	-107358.546282
0.9	4.28e-06	-107262.646757
0.9	4.36e-06	-108242.559898
0.9	4.44e-06	-110316.539604
0.9	4.52e-06	-107121.308242
0.9	4.6e-06	-111099.891181
0.9	4.68e-06	-109755.354943
0.9	4.76e-06	-111512.816542
0.9	4.84e-06	-106302.339955
0.9	4.92e-06	-107458.760631
0.9	5e-06	-108480.738101
0.9	5.08e-06	-107906.103609
0.9	5.16e-06	-112213.286375
0.9	5.24e-06	-106245.70854
0.9	5.32e-06	-110436.646375
0.9	5.4e-06	-99922.9279548
0.9	5.48e-06	-103404.255662
0.9	5.56e-06	-100438.455935
0.9	5.64e-06	-108864.761858
0.9	5.72e-06	-100641.629893
0.9	5.8e-06	-101152.265057
0.9	5.88e-06	-111051.727738
0.9	5.96e-06	-107527.834632
0.9	6.04e-06	-112579.308116
0.9	6.12e-06	-100867.609983
0.9	6.2e-06	-109540.022545
0.9	6.28e-06	-103243.850071
0.9	6.36e-06	-104958.931403
0.9	6.44e-06	-110637.92489
0.9	6.52e-06	-111560.096441
0.9	6.6e-06	-110000.415912
0.9	6.68e-06	-110701.447216
0.9	6.76e-06	-113620.767926
0.9	6.84e-06	-105315.927228
0.9	6.92e-06	-109920.692717
0.96	3e-06	-113972.256229
0.96	3.08e-06	-115184.028671
0.96	3.16e-06	-112741.122137
0.96	3.24e-06	-113910.34993
0.96	3.32e-06	-114212.746362
0.96	3.4e-06	-111075.592889
0.96	3.48e-06	-113594.319307
0.96	3.56e-06	-112750.192299
0.96	3.64e-06	-111337.343965
0.96	3.72e-06	-110800.978387
0.96	3.8e-06	-109130.3627
0.96	3.88e-06	-109876.275706
0.96	3.96e-06	-109046.438217
0.96	4.04e-06	-110670.922946
0.96	4.12e-06	-109621.698631
0.96	4.2e-06	-108207.247567
0.96	4.28e-06	-110891.254455
0.96	4.36e-06	-107768.006274
0.96	4.44e-06	-106440.921904
0.96	4.52e-06	-108218.512803
0.96	4.6e-06	-112461.080658
0.96	4.68e-06	-110754.611855
0.96	4.76e-06	-106658.516158
0.96	4.84e-06	-111716.340306
0.96	4.92e-06	-104108.285851
0.96	5e-06	-110203.710572
0.96	5.08e-06	-103459.329597
0.96	5.16e-06	-110347.92442
0.96	5.24e-06	-110921.298821
0.96	5.32e-06	-110755.388819
0.96	5.4e-06	-97250.9274003
0.96	5.48e-06	-105542.612731
0.96	5.56e-06	-107405.470725
0.96	5.64e-06	-110551.009973
0.96	5.72e-06	-108547.265554
0.96	5.8e-06	-106894.241094
0.96	5.88e-06	-111898.100339
0.96	5.96e-06	-114374.126329
0.96	6.04e-06	-109025.688432
0.96	6.12e-06	-110004.877503
0.96	6.2e-06	-113801.575339
0.96	6.28e-06	-110661.44785
0.96	6.36e-06	-112722.601369
0.96	6.44e-06	-108462.960347
0.96	6.52e-06	-109764.050623
0.96	6.6e-06	-106031.754149
0.96	6.68e-06	-102313.972869
0.96	6.76e-06	-109056.91293
0.96	6.84e-06	-105947.446053
0.96	6.92e-06	-109259.901287
1.02	3e-06	-112985.180251
1.02	3.08e-06	-111556.970097
1.02	3.16e-06	-112304.840763
1.02	3.24e-06	-111912.33372
1.02	3.32e-06	-113214.700612
1.02	3.4e-06	-110874.39987
1.02	3.48e-06	-115487.906692
1.02	3.56e-06	-111319.626355
1.02	3.64e-06	-110911.144719
1.02	3.72e-06	-111921.142621
1.02	3.8e-06	-109715.664993
1.02	3.88e-06	-112836.446559
1.02	3.96e-06	-112421.34138
1.02	4.04e-06	-107754.654217
1.02	4.12e-06	-111607.287788
1.02	4.2e-06	-107133.560401
1.02	4.28e-06	-105383.064868
1.02	4.36e-06	-104926.697917
1.02	4.44e-06	-111547.651542
1.02	4.52e-06	-103073.057394
1.02	4.6e-06	-106751.578043
1.02	4.68e-06	-108753.910236
1.02	4.76e-06	-102092.363273
1.02	4.84e-06	-104246.404738
1.02	4.92e-06	-111018.189001
1.02	5e-06	-108240.982205
1.02	5.08e-06	-107752.027993
1.02	5.16e-06	-109987.737967
1.02	5.24e-06	-99041.8750527
1.02	5.32e-06	-105083.148062
1.02	5.4e-06	-100675.583028
1.02	5.48e-06	-97626.3566911
1.02	5.56e-06	-111900.552278
1.02	5.64e-06	-103425.563187
1.02	5.72e-06	-104324.302527
1.02	5.8e-06	-101934.310441
1.02	5.88e-06	-112107.2631
1.02	5.96e-06	-103656.18332
1.02	6.04e-06	-109893.067042
1.02	6.12e-06	-102948.430701
1.02	6.2e-06	-112881.716046
1.02	6.28e-06	-102344.588819
1.02	6.36e-06	-105259.72854
1.02	6.44e-06	-107566.038864
1.02	6.52e-06	-106291.483753
1.02	6.6e-06	-98834.5896387
1.02	6.68e-06	-110863.338372
1.02	6.76e-06	-104477.050942
1.02	6.84e-06	-115665.998893
1.02	6.92e-06	-113894.891368
1.08	3e-06	-111525.65413
1.08	3.08e-06	-114311.195617
1.08	3.16e-06	-111662.592399
1.08	3.24e-06	-112125.591547
1.08	3.32e-06	-113803.212203
1.08	3.4e-06	-111052.510649
1.08	3.48e-06	-111050.463515
1.08	3.56e-06	-112712.128469
1.08	3.64e-06	-112287.192505
1.08	3.72e-06	-111641.427728
1.08	3.8e-06	-112687.466746
1.08	3.88e-06	-112087.08259
1.08	3.96e-06	-109451.261787
1.08	4.04e-06	-106906.72963
1.08	4.12e-06	-111962.729572
1.08	4.2e-06	-110528.241282
1.08	4.28e-06	-108699.252897
1.08	4.36e-06	-111510.225635
1.08	4.44e-06	-108472.586892
1.08	4.52e-06	-101639.192216
1.08	4.6e-06	-112478.013431
1.08	4.68e-06	-111960.937134
1.08	4.76e-06	-107564.718208
1.08	4.84e-06	-106296.497126
1.08	4.92e-06	-105041.482366
1.08	5e-06	-100687.819472
1.08	5.08e-06	-105347.185637
1.08	5.16e-06	-110201.46002
1.08	5.24e-06	-109843.022745
1.08	5.32e-06	-109487.076672
1.08	5.4e-06	-109646.99548
1.08	5.48e-06	-111470.130962
1.08	5.56e-06	-102771.607209
1.08	5.64e-06	-112918.387625
1.08	5.72e-06	-109833.864839
1.08	5.8e-06	-110900.119995
1.08	5.88e-06	-97937.6263539
1.08	5.96e-06	-111385.782198
1.08	6.04e-06	-106979.452884
1.08	6.12e-06	-110552.466959
1.08	6.2e-06	-102000.495968
1.08	6.28e-06	-110314.181426
1.08	6.36e-06	-109815.781439
1.08	6.44e-06	-100544.339376
1.08	6.52e-06	-108992.524361
1.08	6.6e-06	-112322.445606
1.08	6.68e-06	-103818.174198
1.08	6.76e-06	-110860.087569
1.08	6.84e-06	-103455.887872
1.08	6.92e-06	-101054.73606
1.14	3e-06	-112228.480234
1.14	3.08e-06	-111590.868208
1.14	3.16e-06	-111769.935525
1.14	3.24e-06	-112516.059342
1.14	3.32e-06	-112427.408322
1.14	3.4e-06	-109947.840883
1.14	3.48e-06	-109802.143897
1.14	3.56e-06	-108987.416832
1.14	3.64e-06	-109216.328298
1.14	3.72e-06	-108054.069477
1.14	3.8e-06	-109624.848555
1.14	3.88e-06	-106980.853265
1.14	3.96e-06	-108326.399459
1.14	4.04e-06	-109995.677664
1.14	4.12e-06	-106601.004335
1.14	4.2e-06	-106755.774297
1.14	4.28e-06	-111716.397041
1.14	4.36e-06	-109626.610382
1.14	4.44e-06	-104806.85941
1.14	4.52e-06	-109241.175873
1.14	4.6e-06	-110219.072436
1.14	4.68e-06	-110429.33954
1.14	4.76e-06	-109326.082164
1.14	4.84e-06	-105860.081145
1.14	4.92e-06	-103998.564443
1.14	5e-06	-108663.160036
1.14	5.08e-06	-107637.007167
1.14	5.16e-06	-107630.808922
1.14	5.24e-06	-108207.220791
1.14	5.32e-06	-106667.578913
1.14	5.4e-06	-112928.505667
1.14	5.48e-06	-104732.799867
1.14	5.56e-06	-111414.477587
1.14	5.64e-06	-108681.166185
1.14	5.72e-06	-110863.190879
1.14	5.8e-06	-107615.467528
1.14	5.88e-06	-109669.513309
1.14	5.96e-06	-109390.85441
1.14	6.04e-06	-110164.608393
1.14	6.12e-06	-106199.574667
1.14	6.2e-06	-107253.004227
1.14	6.28e-06	-112790.780389
1.14	6.36e-06	-110753.060371
1.14	6.44e-06	-99248.052378
1.14	6.52e-06	-106210.387481
1.14	6.6e-06	-104340.331735
1.14	6.68e-06	-106812.892308
1.14	6.76e-06	-106917.551255
1.14	6.84e-06	-113548.103351
1.14	6.92e-06	-109478.214061
1.2	3e-06	-113369.045663
1.2	3.08e-06	-112861.405489
1.2	3.16e-06	-113487.258419
1.2	3.24e-06	-111303.633345
1.2	3.32e-06	-111899.635606
1.2	3.4e-06	-108822.458184
1.2	3.48e-06	-109503.773553
1.2	3.56e-06	-111048.965028
1.2	3.64e-06	-108280.740366
1.2	3.72e-06	-107667.671734
1.2	3.8e-06	-108035.318699
1.2	3.88e-06	-111920.285896
1.2	3.96e-06	-103420.940521
1.2	4.04e-06	-110378.233353
1.2	4.12e-06	-103195.440257
1.2	4.2e-06	-104062.346834
1.2	4.28e-06	-110933.691399
1.2	4.36e-06	-109276.545751
1.2	4.44e-06	-106195.394656
1.2	4.52e-06	-103653.432736
1.2	4.6e-06	-111876.408827
1.2	4.68e-06	-112945.611342
1.2	4.76e-06	-99500.4226577
1.2	4.84e-06	-108351.70588
1.2	4.92e-06	-104021.054649
1.2	5e-06	-101879.583406
1.2	5.08e-06	-106379.495102
1.2	5.16e-06	-107544.658191
1.2	5.24e-06	-101248.027957
1.2	5.32e-06	-106638.383162
1.2	5.4e-06	-108992.012263
1.2	5.48e-06	-111484.785254
1.2	5.56e-06	-94129.0233681
1.2	5.64e-06	-111160.616912
1.2	5.72e-06	-113711.059477
1.2	5.8e-06	-109929.642941
1.2	5.88e-06	-111750.602748
1.2	5.96e-06	-109079.297909
1.2	6.04e-06	-113785.461448
1.2	6.12e-06	-100142.031026
1.2	6.2e-06	-114334.810771
1.2	6.28e-06	-114230.372938
1.2	6.36e-06	-106601.833354
1.2	6.44e-06	-107903.219921
1.2	6.52e-06	-111753.55622
1.2	6.6e-06	-101492.642495
1.2	6.68e-06	-113086.35322
1.2	6.76e-06	-110944.390903
1.2	6.84e-06	-112402.600175
1.2	6.92e-06	-107511.914038
1.26	3e-06	-110921.234616
1.26	3.08e-06	-112821.666736
1.26	3.16e-06	-111017.562767
1.26	3.24e-06	-112450.652286
1.26	3.32e-06	-109726.621796
1.26	3.4e-06	-108738.734808
1.26	3.48e-06	-112503.648051
1.26	3.56e-06	-110145.513575
1.26	3.64e-06	-106053.996843
1.26	3.72e-06	-110812.703404
1.26	3.8e-06	-110088.020907
1.26	3.88e-06	-103156.405212
1.26	3.96e-06	-108011.469134
1.26	4.04e-06	-103437.099172
1.26	4.12e-06	-111729.93642
1.26	4.2e-06	-111166.595277
1.26	4.28e-06	-108538.863066
1.26	4.36e-06	-99343.9977069
1.26	4.44e-06	-106465.146536
1.26	4.52e-06	-113931.050575
1.26	4.6e-06	-110944.931232
1.26	4.68e-06	-111440.394038
1.26	4.76e-06	-109269.03065
1.26	4.84e-06	-110902.24352
1.26	4.92e-06	-109157.475172
1.26	5e-06	-108468.12288
1.26	5.08e-06	-104341.719417
1.26	5.16e-06	-109472.275879
1.26	5.24e-06	-111191.463288
1.26	5.32e-06	-101088.253364
1.26	5.4e-06	-116119.966398
1.26	5.48e-06	-108272.121058
1.26	5.56e-06	-103855.838962
1.26	5.64e-06	-106322.053618
1.26	5.72e-06	-112771.840551
1.26	5.8e-06	-107534.86656
1.26	5.88e-06	-106213.25091
1.26	5.96e-06	-103632.661231
1.26	6.04e-06	-108665.162323
1.26	6.12e-06	-110027.364767
1.26	6.2e-06	-108705.126473
1.26	6.28e-06	-112014.957053
1.26	6.36e-06	-115837.758671
1.26	6.44e-06	-113811.343483
1.26	6.52e-06	-109096.283379
1.26	6.6e-06	-104224.773689
1.26	6.68e-06	-107985.889897
1.26	6.76e-06	-111418.934576
1.26	6.84e-06	-112010.870983
1.26	6.92e-06	-112956.704781
1.32	3e-06	-113551.047764
1.32	3.08e-06	-111152.919617
1.32	3.16e-06	-109124.225152
1.32	3.24e-06	-109222.18197
1.32	3.32e-06	-108433.011401
1.32	3.4e-06	-107750.604226
1.32	3.48e-06	-109446.416967
1.32	3.56e-06	-111547.619751
1.32	3.64e-06	-108016.966484
1.32	3.72e-06	-108759.077897
1.32	3.8e-06	-104855.838153
1.32	3.88e-06	-108135.333101
1.32	3.96e-06	-107181.243277
1.32	4.04e-06	-106869.451214
1.32	4.12e-06	-111149.278604
1.32	4.2e-06	-108803.563468
1.32	4.28e-06	-105196.855377
1.32	4.36e-06	-111861.316167
1.32	4.44e-06	-104113.322383
1.32	4.52e-06	-104798.160652
1.32	4.6e-06	-102147.68063
1.32	4.68e-06	-105471.63268
1.32	4.76e-06	-112153.548521
1.32	4.84e-06	-110728.891876
1.32	4.92e-06	-101978.70517
1.32	5e-06	-99008.3184906
1.32	5.08e-06	-112928.263611
1.32	5.16e-06	-107966.407965
1.32	5.24e-06	-99310.9237266
1.32	5.32e-06	-96132.8078864
1.32	5.4e-06	-108182.047116
1.32	5.48e-06	-107384.471208
1.32	5.56e-06	-108647.341313
1.32	5.64e-06	-116061.102122
1.32	5.72e-06	-112975.786154
1.32	5.8e-06	-108453.579579
1.32	5.88e-06	-100464.645362
1.32	5.96e-06	-99930.7278252
1.32	6.04e-06	-113766.440309
1.32	6.12e-06	-99408.0097945
1.32	6.2e-06	-105866.81518
1.32	6.28e-06	-107462.920349
1.32	6.36e-06	-110060.477739
1.32	6.44e-06	-112321.271198
1.32	6.52e-06	-111213.306354
1.32	6.6e-06	-107183.598669
1.32	6.68e-06	-108985.902432
1.32	6.76e-06	-111643.647253
1.32	6.84e-06	-110966.719487
1.32	6.92e-06	-112655.657613
1.38	3e-06	-109264.888139
1.38	3.08e-06	-109075.586853
1.38	3.16e-06	-111382.396021
1.38	3.24e-06	-109316.198594
1.38	3.32e-06	-107739.003038
1.38	3.4e-06	-115636.977995
1.38	3.48e-06	-106351.545299
1.38	3.56e-06	-111177.95223
1.38	3.64e-06	-110541.21579
1.38	3.72e-06	-111496.97454
1.38	3.8e-06	-112628.221024
1.38	3.88e-06	-107182.607821
1.38	3.96e-06	-111605.838717
1.38	4.04e-06	-112429.133396
1.38	4.12e-06	-112102.295568
1.38	4.2e-06	-113288.144894
1.38	4.28e-06	-109332.75995
1.38	4.36e-06	-94980.5317757
1.38	4.44e-06	-108145.921375
1.38	4.52e-06	-110147.011155
1.38	4.6e-06	-109239.125675
1.38	4.68e-06	-94197.0699698
1.38	4.76e-06	-109949.935631
1.38	4.84e-06	-96171.1271171
1.38	4.92e-06	-111641.442615
1.38	5e-06	-113689.777288
1.38	5.08e-06	-109907.338866
1.38	5.16e-06	-103090.87953
1.38	5.24e-06	-110181.781488
1.38	5.32e-06	-100369.036471
1.38	5.4e-06	-109671.352471
1.38	5.48e-06	-110386.863493
1.38	5.56e-06	-108899.654733
1.38	5.64e-06	-113393.848404
1.38	5.72e-06	-108451.100004
1.38	5.8e-06	-108173.917528
1.38	5.88e-06	-110557.674496
1.38	5.96e-06	-109920.796106
1.38	6.04e-06	-113204.841288
1.38	6.12e-06	-110793.001472
1.38	6.2e-06	-112354.958916
1.38	6.28e-06	-110253.320233
1.38	6.36e-06	-105566.571007
1.38	6.44e-06	-108661.568963
1.38	6.52e-06	-109255.694783
1.38	6.6e-06	-108818.421926
1.38	6.68e-06	-106311.176619
1.38	6.76e-06	-101533.300313
1.38	6.84e-06	-109323.424952
1.38	6.92e-06	-99588.6007016
1.44	3e-06	-109582.998124
1.44	3.08e-06	-109201.360089
1.44	3.16e-06	-110347.273834
1.44	3.24e-06	-111452.264566
1.44	3.32e-06	-104041.744136
1.44	3.4e-06	-109317.265812
1.44	3.48e-06	-109723.314385
1.44	3.56e-06	-110362.984646
1.44	3.64e-06	-110168.272121
1.44	3.72e-06	-110403.918193
1.44	3.8e-06	-111414.981416
1.44	3.88e-06	-108925.1025
1.44	3.96e-06	-108491.590094
1.44	4.04e-06	-104047.631189
1.44	4.12e-06	-104243.529308
1.44	4.2e-06	-111215.063289
1.44	4.28e-06	-104167.986872
1.44	4.36e-06	-107024.352893
1.44	4.44e-06	-112364.877231
1.44	4.52e-06	-98006.6963906
1.44	4.6e-06	-104374.056167
1.44	4.68e-06	-112641.041726
1.44	4.76e-06	-106479.031115
1.44	4.84e-06	-112014.476351
1.44	4.92e-06	-112639.828878
1.44	5e-06	-105676.526168
1.44	5.08e-06	-110975.286367
1.44	5.16e-06	-110723.156404
1.44	5.24e-06	-109090.502083
1.44	5.32e-06	-103259.531443
1.44	5.4e-06	-106487.357979
1.44	5.48e-06	-115072.936403
1.44	5.56e-06	-104135.704227
1.44	5.64e-06	-111670.067361
1.44	5.72e-06	-111810.887308
1.44	5.8e-06	-113357.546985
1.44	5.88e-06	-114839.876636
1.44	5.96e-06	-104381.468958
1.44	6.04e-06	-109555.17426
1.44	6.12e-06	-103506.45793
1.44	6.2e-06	-107368.91746
1.44	6.28e-06	-110830.632927
1.44	6.36e-06	-104971.372145
1.44	6.44e-06	-110363.968023
1.44	6.52e-06	-111141.553047
1.44	6.6e-06	-109591.775617
1.44	6.68e-06	-110182.659709
1.44	6.76e-06	-110216.178081
1.44	6.84e-06	-111287.167348
1.44	6.92e-06	-109140.432032
1.5	3e-06	-109763.508749
1.5	3.08e-06	-112062.839828
1.5	3.16e-06	-108380.406021
1.5	3.24e-06	-110479.226736
1.5	3.32e-06	-110336.337601
1.5	3.4e-06	-114379.422287
1.5	3.48e-06	-107253.163586
1.5	3.56e-06	-108918.428516
1.5	3.64e-06	-109114.815517
1.5	3.72e-06	-107202.167001
1.5	3.8e-06	-102678.588625
1.5	3.88e-06	-102733.908157
1.5	3.96e-06	-107562.625374
1.5	4.04e-06	-105681.06935
1.5	4.12e-06	-114051.323903
1.5	4.2e-06	-110168.945833
1.5	4.28e-06	-102568.414671
1.5	4.36e-06	-106080.742875
1.5	4.44e-06	-98243.1476173
1.5	4.52e-06	-97044.2992661
1.5	4.6e-06	-103409.060892
1.5	4.68e-06	-100975.544978
1.5	4.76e-06	-116267.880167
1.5	4.84e-06	-110591.330822
1.5	4.92e-06	-104261.597933
1.5	5e-06	-38349.8325146
1.5	5.08e-06	-111126.733584
1.5	5.16e-06	-111570.037508
1.5	5.24e-06	-108960.5496
1.5	5.32e-06	-110509.342403
1.5	5.4e-06	-111835.410335
1.5	5.48e-06	-113635.977268
1.5	5.56e-06	-102266.747338
1.5	5.64e-06	-105087.002983
1.5	5.72e-06	-105484.465155
1.5	5.8e-06	-108391.067546
1.5	5.88e-06	-103338.379936
1.5	5.96e-06	-111092.56442
1.5	6.04e-06	-108939.14412
1.5	6.12e-06	-111274.114605
1.5	6.2e-06	-113448.423565
1.5	6.28e-06	-109449.25434
1.5	6.36e-06	-110793.990027
1.5	6.44e-06	-110046.805908
1.5	6.52e-06	-98992.8137274
1.5	6.6e-06	-107593.411624
1.5	6.68e-06	-106748.661287
1.5	6.76e-06	-108990.747485
1.5	6.84e-06	-103350.376217
1.5	6.92e-06	-110865.644471
1.56	3e-06	-109745.319636
1.56	3.08e-06	-110156.550951
1.56	3.16e-06	-106762.360162
1.56	3.24e-06	-114214.748841
1.56	3.32e-06	-111292.882157
1.56	3.4e-06	-108622.696778
1.56	3.48e-06	-111606.139061
1.56	3.56e-06	-105824.158466
1.56	3.64e-06	-111491.239433
1.56	3.72e-06	-109488.825299
1.56	3.8e-06	-111287.681565
1.56	3.88e-06	-104570.648736
1.56	3.96e-06	-111033.75877
1.56	4.04e-06	-103627.687469
1.56	4.12e-06	-106250.017269
1.56	4.2e-06	-110869.280758
1.56	4.28e-06	-113749.503751
1.56	4.36e-06	-103423.303905
1.56	4.44e-06	-105721.5281
1.56	4.52e-06	-103763.192762
1.56	4.6e-06	-112528.749378
1.56	4.68e-06	-101353.252288
1.56	4.76e-06	-111100.523329
1.56	4.84e-06	-112304.652878
1.56	4.92e-06	-99809.3579927
1.56	5e-06	-111619.748166
1.56	5.08e-06	-113856.107871
1.56	5.16e-06	-98322.4741845
1.56	5.24e-06	-112856.810987
1.56	5.32e-06	-111974.935027
1.56	5.4e-06	-105392.452685
1.56	5.48e-06	-109970.48654
1.56	5.56e-06	-108746.634783
1.56	5.64e-06	-105913.523998
1.56	5.72e-06	-108210.771215
1.56	5.8e-06	-108259.679603
1.56	5.88e-06	-99891.7864709
1.56	5.96e-06	-107273.461482
1.56	6.04e-06	-112170.843979
1.56	6.12e-06	-108083.560607
1.56	6.2e-06	-113525.401711
1.56	6.28e-06	-106633.286766
1.56	6.36e-06	-111710.038531
1.56	6.44e-06	-112441.136183
1.56	6.52e-06	-107727.358428
1.56	6.6e-06	-111719.998966
1.56	6.68e-06	-109649.769819
1.56	6.76e-06	-106939.146483
1.56	6.84e-06	-112095.944621
1.56	6.92e-06	-114778.837689
1.62	3e-06	-110079.599032
1.62	3.08e-06	-109051.242922
1.62	3.16e-06	-107011.208327
1.62	3.24e-06	-111611.641632
1.62	3.32e-06	-106994.394985
1.62	3.4e-06	-109985.651989
1.62	3.48e-06	-108281.491556
1.62	3.56e-06	-114687.628808
1.62	3.64e-06	-110722.936976
1.62	3.72e-06	-107465.820218
1.62	3.8e-06	-112456.295605
1.62	3.88e-06	-111742.639466
1.62	3.96e-06	-106346.879945
1.62	4.04e-06	-101336.290233
1.62	4.12e-06	-113049.668774
1.62	4.2e-06	-109805.054443
1.62	4.28e-06	-100657.27788
1.62	4.36e-06	-110333.390443
1.62	4.44e-06	-107141.520126
1.62	4.52e-06	-104950.241278
1.62	4.6e-06	-108421.33102
1.62	4.68e-06	-104285.042839
1.62	4.76e-06	-100617.242815
1.62	4.84e-06	-105427.078962
1.62	4.92e-06	-110101.870529
1.62	5e-06	-105228.623192
1.62	5.08e-06	-114926.680167
1.62	5.16e-06	-111958.607451
1.62	5.24e-06	-112225.260961
1.62	5.32e-06	-99929.5500467
1.62	5.4e-06	-105429.465374
1.62	5.48e-06	-115404.43335
1.62	5.56e-06	-114437.863439
1.62	5.64e-06	-107046.676931
1.62	5.72e-06	-109538.705403
1.62	5.8e-06	-113737.510102
1.62	5.88e-06	-114383.758424
1.62	5.96e-06	-110626.869661
1.62	6.04e-06	-109957.371202
1.62	6.12e-06	-114555.41351
1.62	6.2e-06	-109990.983438
1.62	6.28e-06	-104066.664709
1.62	6.36e-06	-111824.989325
1.62	6.44e-06	-107674.88973
1.62	6.52e-06	-107386.146621
1.62	6.6e-06	-113610.782315
1.62	6.68e-06	-109827.334086
1.62	6.76e-06	-108278.827097
1.62	6.84e-06	-99995.2459036
1.62	6.92e-06	-110726.751282
1.68	3e-06	-111908.777536
1.68	3.08e-06	-110427.334667
1.68	3.16e-06	-107044.277948
1.68	3.24e-06	-104714.899375
1.68	3.32e-06	-107919.116167
1.68	3.4e-06	-104506.424855
1.68	3.48e-06	-104162.978193
1.68	3.56e-06	-108671.751154
1.68	3.64e-06	-111913.101425
1.68	3.72e-06	-110845.52814
1.68	3.8e-06	-109731.849192
1.68	3.88e-06	-112615.946963
1.68	3.96e-06	-111740.779109
1.68	4.04e-06	-105232.674745
1.68	4.12e-06	-106984.341089
1.68	4.2e-06	-101076.076581
1.68	4.28e-06	-104445.67081
1.68	4.36e-06	-99509.8699229
1.68	4.44e-06	-104819.730868
1.68	4.52e-06	-103332.847144
1.68	4.6e-06	-104665.98809
1.68	4.68e-06	-111183.321784
1.68	4.76e-06	-104294.412592
1.68	4.84e-06	-104719.087958
1.68	4.92e-06	-104743.685177
1.68	5e-06	-106636.222446
1.68	5.08e-06	-107492.484177
1.68	5.16e-06	-110588.757704
1.68	5.24e-06	-107827.702818
1.68	5.32e-06	-96290.9112243
1.68	5.4e-06	-108290.404793
1.68	5.48e-06	-109807.17099
1.68	5.56e-06	-109902.157954
1.68	5.64e-06	-111700.498732
1.68	5.72e-06	-113489.18815
1.68	5.8e-06	-108247.310932
1.68	5.88e-06	-113507.218894
1.68	5.96e-06	-110390.377405
1.68	6.04e-06	-109623.354662
1.68	6.12e-06	-109673.019058
1.68	6.2e-06	-113012.726636
1.68	6.28e-06	-109381.958519
1.68	6.36e-06	-110708.599318
1.68	6.44e-06	-114599.829081
1.68	6.52e-06	-111375.795649
1.68	6.6e-06	-106631.069979
1.68	6.68e-06	-109817.42578
1.68	6.76e-06	-110375.332928
1.68	6.84e-06	-103647.736985
1.68	6.92e-06	-103450.296166
1.74	3e-06	-108124.7744
1.74	3.08e-06	-107386.789071
1.74	3.16e-06	-110578.153786
1.74	3.24e-06	-111585.151592
1.74	3.32e-06	-106180.569192
1.74	3.4e-06	-107765.195385
1.74	3.48e-06	-105255.728525
1.74	3.56e-06	-108264.183714
1.74	3.64e-06	-108673.001598
1.74	3.72e-06	-110405.600325
1.74	3.8e-06	-109459.468206
1.74	3.88e-06	-99220.2864457
1.74	3.96e-06	-107328.034814
1.74	4.04e-06	-107488.819058
1.74	4.12e-06	-101057.924889
1.74	4.2e-06	-108701.669942
1.74	4.28e-06	-102506.060395
1.74	4.36e-06	-113075.26419
1.74	4.44e-06	-103557.968404
1.74	4.52e-06	-110987.373678
1.74	4.6e-06	-103692.310467
1.74	4.68e-06	-110474.1169
1.74	4.76e-06	-112573.006347
1.74	4.84e-06	-110850.451841
1.74	4.92e-06	-109985.489395
1.74	5e-06	-105878.838877
1.74	5.08e-06	-108409.572362
1.74	5.16e-06	-114267.667333
1.74	5.24e-06	-109251.097701
1.74	5.32e-06	-101232.619969
1.74	5.4e-06	-111159.439554
1.74	5.48e-06	-111368.88544
1.74	5.56e-06	-108333.070859
1.74	5.64e-06	-108162.093165
1.74	5.72e-06	-108616.762808
1.74	5.8e-06	-110463.047252
1.74	5.88e-06	-101260.782215
1.74	5.96e-06	-110389.667975
1.74	6.04e-06	-109479.417413
1.74	6.12e-06	-110186.770104
1.74	6.2e-06	-109284.725519
1.74	6.28e-06	-109595.52029
1.74	6.36e-06	-109608.21985
1.74	6.44e-06	-114390.899484
1.74	6.52e-06	-105088.031092
1.74	6.6e-06	-113556.515878
1.74	6.68e-06	-111759.146815
1.74	6.76e-06	-103484.519985
1.74	6.84e-06	-108346.753662
1.74	6.92e-06	-109708.207781
1.8	3e-06	-113124.869913
1.8	3.08e-06	-108528.587578
1.8	3.16e-06	-107044.365462
1.8	3.24e-06	-107170.254558
1.8	3.32e-06	-113460.367121
1.8	3.4e-06	-113043.291893
1.8	3.48e-06	-111419.305134
1.8	3.56e-06	-107801.021565
1.8	3.64e-06	-106064.912282
1.8	3.72e-06	-106908.93708
1.8	3.8e-06	-100683.232342
1.8	3.88e-06	-105801.188439
1.8	3.96e-06	-105796.249882
1.8	4.04e-06	-110370.307425
1.8	4.12e-06	-110016.977023
1.8	4.2e-06	-92004.4147866
1.8	4.28e-06	-105016.305087
1.8	4.36e-06	-108455.273335
1.8	4.44e-06	-110198.781691
1.8	4.52e-06	-109901.515145
1.8	4.6e-06	-103305.015628
1.8	4.68e-06	-107288.468162
1.8	4.76e-06	-111630.717603
1.8	4.84e-06	-106612.320537
1.8	4.92e-06	-107232.845588
1.8	5e-06	-110951.853823
1.8	5.08e-06	-113779.550322
1.8	5.16e-06	-108726.61512
1.8	5.24e-06	-109637.891009
1.8	5.32e-06	-103065.549071
1.8	5.4e-06	-110472.50474
1.8	5.48e-06	-115351.574342
1.8	5.56e-06	-97990.6854824
1.8	5.64e-06	-101920.345095
1.8	5.72e-06	-109292.680277
1.8	5.8e-06	-110539.037343
1.8	5.88e-06	-106402.772507
1.8	5.96e-06	-103347.060709
1.8	6.04e-06	-113327.419671
1.8	6.12e-06	-108088.71882
1.8	6.2e-06	-109821.535114
1.8	6.28e-06	-108546.431864
1.8	6.36e-06	-112400.173627
1.8	6.44e-06	-111098.59073
1.8	6.52e-06	-110101.434768
1.8	6.6e-06	-110909.836514
1.8	6.68e-06	-110101.533423
1.8	6.76e-06	-110728.933465
1.8	6.84e-06	-106554.89841
1.8	6.92e-06	-111710.64741
1.86	3e-06	-110698.056857
1.86	3.08e-06	-106660.607738
1.86	3.16e-06	-107779.529112
1.86	3.24e-06	-108811.511774
1.86	3.32e-06	-110171.459528
1.86	3.4e-06	-110903.074665
1.86	3.48e-06	-104203.037211
1.86	3.56e-06	-103597.850514
1.86	3.64e-06	-102727.219223
1.86	3.72e-06	-102415.704973
1.86	3.8e-06	-108235.655727
1.86	3.88e-06	-105961.381509
1.86	3.96e-06	-108312.663434
1.86	4.04e-06	-103757.814223
1.86	4.12e-06	-95306.5438595
1.86	4.2e-06	-106839.44629
1.86	4.28e-06	-102586.97542
1.86	4.36e-06	-114359.425591
1.86	4.44e-06	-105685.79618
1.86	4.52e-06	-111545.38289
1.86	4.6e-06	-101428.857919
1.86	4.68e-06	-114887.817964
1.86	4.76e-06	-107622.236557
1.86	4.84e-06	-96335.0579328
1.86	4.92e-06	-113203.007422
1.86	5e-06	-102780.597897
1.86	5.08e-06	-106714.221438
1.86	5.16e-06	-111130.513044
1.86	5.24e-06	-110839.982582
1.86	5.32e-06	-106746.388187
1.86	5.4e-06	-111069.479736
1.86	5.48e-06	-109827.925047
1.86	5.56e-06	-107713.123277
1.86	5.64e-06	-111225.603622
1.86	5.72e-06	-104780.549417
1.86	5.8e-06	-110991.685137
1.86	5.88e-06	-109266.396936
1.86	5.96e-06	-110175.993947
1.86	6.04e-06	-109791.695753
1.86	6.12e-06	-109570.041639
1.86	6.2e-06	-112499.108947
1.86	6.28e-06	-103092.634724
1.86	6.36e-06	-109525.538631
1.86	6.44e-06	-108523.499892
1.86	6.52e-06	-113641.174832
1.86	6.6e-06	-113230.369954
1.86	6.68e-06	-112395.664078
1.86	6.76e-06	-112219.53047
1.86	6.84e-06	-107504.054879
1.86	6.92e-06	-112058.502073
1.92	3e-06	-112860.04921
1.92	3.08e-06	-110356.158815
1.92	3.16e-06	-106600.210454
1.92	3.24e-06	-109173.28925
1.92	3.32e-06	-110729.496279
1.92	3.4e-06	-112088.605264
1.92	3.48e-06	-113937.565521
1.92	3.56e-06	-110970.184303
1.92	3.64e-06	-107068.992791
1.92	3.72e-06	-98795.8646375
1.92	3.8e-06	-104714.409166
1.92	3.88e-06	-108133.635772
1.92	3.96e-06	-108051.611282
1.92	4.04e-06	-104340.391039
1.92	4.12e-06	-102663.195068
1.92	4.2e-06	-113206.623101
1.92	4.28e-06	-109368.862479
1.92	4.36e-06	-107261.519057
1.92	4.44e-06	-109769.485117
1.92	4.52e-06	-109336.168069
1.92	4.6e-06	-105961.767065
1.92	4.68e-06	-109950.93085
1.92	4.76e-06	-101098.763046
1.92	4.84e-06	-113979.022282
1.92	4.92e-06	-111615.376009
1.92	5e-06	-107439.671214
1.92	5.08e-06	-110315.765368
1.92	5.16e-06	-109663.994494
1.92	5.24e-06	-102458.951032
1.92	5.32e-06	-102405.104199
1.92	5.4e-06	-112111.145661
1.92	5.48e-06	-105970.707854
1.92	5.56e-06	-111186.916385
1.92	5.64e-06	-105098.860284
1.92	5.72e-06	-112783.593772
1.92	5.8e-06	-109631.39875
1.92	5.88e-06	-102797.250564
1.92	5.96e-06	-108468.447757
1.92	6.04e-06	-103617.509154
1.92	6.12e-06	-107700.438655
1.92	6.2e-06	-111521.742364
1.92	6.28e-06	-108997.329167
1.92	6.36e-06	-102278.654902
1.92	6.44e-06	-110946.369052
1.92	6.52e-06	-111065.392765
1.92	6.6e-06	-110557.748309
1.92	6.68e-06	-103727.014769
1.92	6.76e-06	-108262.487396
1.92	6.84e-06	-109306.166044
1.92	6.92e-06	-108603.129864
1.98	3e-06	-109695.95513
1.98	3.08e-06	-103206.65479
1.98	3.16e-06	-109046.327139
1.98	3.24e-06	-107929.571065
1.98	3.32e-06	-106190.362483
1.98	3.4e-06	-113656.373425
1.98	3.48e-06	-102433.07885
1.98	3.56e-06	-109636.059653
1.98	3.64e-06	-110870.78048
1.98	3.72e-06	-106773.486597
1.98	3.8e-06	-111599.430762
1.98	3.88e-06	-101364.773579
1.98	3.96e-06	-105837.297446
1.98	4.04e-06	-110550.44297
1.98	4.12e-06	-105641.821224
1.98	4.2e-06	-100544.998972
1.98	4.28e-06	-111442.447513
1.98	4.36e-06	-107556.659574
1.98	4.44e-06	-108707.415868
1.98	4.52e-06	-113500.680735
1.98	4.6e-06	-110828.161699
1.98	4.68e-06	-108091.242295
1.98	4.76e-06	-105738.798161
1.98	4.84e-06	-109886.145168
1.98	4.92e-06	-109687.04659
1.98	5e-06	-109379.281121
1.98	5.08e-06	-108871.499997
1.98	5.16e-06	-103481.568097
1.98	5.24e-06	-113126.989393
1.98	5.32e-06	-110095.314549
1.98	5.4e-06	-108528.084121
1.98	5.48e-06	-109383.604382
1.98	5.56e-06	-113706.912564
1.98	5.64e-06	-101489.305191
1.98	5.72e-06	-99191.5971569
1.98	5.8e-06	-109075.220932
1.98	5.88e-06	-113162.459416
1.98	5.96e-06	-110916.203091
1.98	6.04e-06	-109699.407792
1.98	6.12e-06	-109905.512535
1.98	6.2e-06	-110194.091744
1.98	6.28e-06	-112749.833529
1.98	6.36e-06	-107960.592871
1.98	6.44e-06	-110546.602008
1.98	6.52e-06	-110557.905761
1.98	6.6e-06	-108859.73699
1.98	6.68e-06	-109970.099511
1.98	6.76e-06	-106784.121993
1.98	6.84e-06	-107557.582226
1.98	6.92e-06	-109772.398572
2.04	3e-06	-107649.739429
2.04	3.08e-06	-111565.846016
2.04	3.16e-06	-107844.909515
2.04	3.24e-06	-109595.383706
2.04	3.32e-06	-105680.559444
2.04	3.4e-06	-107895.42446
2.04	3.48e-06	-109781.27314
2.04	3.56e-06	-109814.866796
2.04	3.64e-06	-111201.681853
2.04	3.72e-06	-108196.512718
2.04	3.8e-06	-98296.8999685
2.04	3.88e-06	-106135.978492
2.04	3.96e-06	-100103.406737
2.04	4.04e-06	-103369.499607
2.04	4.12e-06	-109527.164257
2.04	4.2e-06	-110019.284465
2.04	4.28e-06	-103009.118771
2.04	4.36e-06	-111651.085631
2.04	4.44e-06	-110104.177071
2.04	4.52e-06	-109507.350983
2.04	4.6e-06	-112777.817481
2.04	4.68e-06	-109315.672808
2.04	4.76e-06	-110785.256695
2.04	4.84e-06	-99218.7715896
2.04	4.92e-06	-107981.83362
2.04	5e-06	-109435.798476
2.04	5.08e-06	-111819.491036
2.04	5.16e-06	-110915.576762
2.04	5.24e-06	-111538.045412
2.04	5.32e-06	-112590.833385
2.04	5.4e-06	-109954.705974
2.04	5.48e-06	-114258.70388
2.04	5.56e-06	-110562.017389
2.04	5.64e-06	-117848.939466
2.04	5.72e-06	-108792.011033
2.04	5.8e-06	-103589.695694
2.04	5.88e-06	-104412.503852
2.04	5.96e-06	-110998.354048
2.04	6.04e-06	-112198.078735
2.04	6.12e-06	-111630.659931
2.04	6.2e-06	-113984.438521
2.04	6.28e-06	-102823.604899
2.04	6.36e-06	-113621.842769
2.04	6.44e-06	-110204.784244
2.04	6.52e-06	-107752.471165
2.04	6.6e-06	-113322.774016
2.04	6.68e-06	-104575.85475
2.04	6.76e-06	-112188.02401
2.04	6.84e-06	-105424.604157
2.04	6.92e-06	-112431.545332
2.1	3e-06	-101712.280575
2.1	3.08e-06	-115676.252746
2.1	3.16e-06	-111686.432053
2.1	3.24e-06	-112047.924856
2.1	3.32e-06	-114687.131907
2.1	3.4e-06	-104975.757208
2.1	3.48e-06	-105596.952525
2.1	3.56e-06	-105476.820761
2.1	3.64e-06	-105699.122162
2.1	3.72e-06	-100085.981491
2.1	3.8e-06	-111129.508339
2.1	3.88e-06	-111558.97461
2.1	3.96e-06	-111155.600956
2.1	4.04e-06	-108757.523333
2.1	4.12e-06	-104312.823094
2.1	4.2e-06	-99463.9716295
2.1	4.28e-06	-93899.075445
2.1	4.36e-06	-101662.231776
2.1	4.44e-06	-111060.734423
2.1	4.52e-06	-112464.603407
2.1	4.6e-06	-96657.0320771
2.1	4.68e-06	-109325.793483
2.1	4.76e-06	-111252.210186
2.1	4.84e-06	-112569.709825
2.1	4.92e-06	-114069.322749
2.1	5e-06	-105784.689845
2.1	5.08e-06	-111953.728639
2.1	5.16e-06	-109795.422192
2.1	5.24e-06	-110827.866075
2.1	5.32e-06	-110733.750557
2.1	5.4e-06	-108333.851226
2.1	5.48e-06	-109782.7686
2.1	5.56e-06	-104679.300224
2.1	5.64e-06	-111148.55802
2.1	5.72e-06	-103627.265133
2.1	5.8e-06	-108630.268292
2.1	5.88e-06	-115187.674423
2.1	5.96e-06	-111230.86006
2.1	6.04e-06	-112088.841362
2.1	6.12e-06	-109112.650916
2.1	6.2e-06	-111426.152515
2.1	6.28e-06	-111329.056175
2.1	6.36e-06	-110245.125992
2.1	6.44e-06	-112054.864382
2.1	6.52e-06	-109327.979159
2.1	6.6e-06	-106549.94202
2.1	6.68e-06	-106962.249629
2.1	6.76e-06	-113656.317122
2.1	6.84e-06	-105469.636081
2.1	6.92e-06	-110737.981569
2.16	3e-06	-108318.348083
2.16	3.08e-06	-113239.987062
2.16	3.16e-06	-110478.652615
2.16	3.24e-06	-104713.321312
2.16	3.32e-06	-101181.245191
2.16	3.4e-06	-111274.342872
2.16	3.48e-06	-105525.033123
2.16	3.56e-06	-102079.886468
2.16	3.64e-06	-101533.017491
2.16	3.72e-06	-107345.530247
2.16	3.8e-06	-107226.155922
2.16	3.88e-06	-107037.506533
2.16	3.96e-06	-110143.447379
2.16	4.04e-06	-110878.911321
2.16	4.12e-06	-107807.803676
2.16	4.2e-06	-109573.516855
2.16	4.28e-06	-97387.6373796
2.16	4.36e-06	-106655.814262
2.16	4.44e-06	-106458.792712
2.16	4.52e-06	-107363.33144
2.16	4.6e-06	-108448.099353
2.16	4.68e-06	-116814.050412
2.16	4.76e-06	-107513.43781
2.16	4.84e-06	-111989.052925
2.16	4.92e-06	-106882.376223
2.16	5e-06	-109879.212971
2.16	5.08e-06	-110218.250543
2.16	5.16e-06	-111244.426655
2.16	5.24e-06	-111049.124638
2.16	5.32e-06	-102727.610761
2.16	5.4e-06	-100774.091789
2.16	5.48e-06	-110313.531774
2.16	5.56e-06	-111930.547417
2.16	5.64e-06	-97705.5350306
2.16	5.72e-06	-111258.156914
2.16	5.8e-06	-109970.002835
2.16	5.88e-06	-114451.38471
2.16	5.96e-06	-108247.990722
2.16	6.04e-06	-107342.250177
2.16	6.12e-06	-109026.598286
2.16	6.2e-06	-106052.981526
2.16	6.28e-06	-111403.664258
2.16	6.36e-06	-111165.876511
2.16	6.44e-06	-107431.76948
2.16	6.52e-06	-111335.559202
2.16	6.6e-06	-111259.558911
2.16	6.68e-06	-105904.72818
2.16	6.76e-06	-111104.730086
2.16	6.84e-06	-110544.428982
2.16	6.92e-06	-110681.283004
2.22	3e-06	-116174.197756
2.22	3.08e-06	-112063.077734
2.22	3.16e-06	-103166.131206
2.22	3.24e-06	-101030.858404
2.22	3.32e-06	-98875.2254761
2.22	3.4e-06	-110447.630204
2.22	3.48e-06	-107031.98326
2.22	3.56e-06	-106156.796714
2.22	3.64e-06	-106581.587817
2.22	3.72e-06	-103159.025825
2.22	3.8e-06	-110501.493254
2.22	3.88e-06	-99173.1282575
2.22	3.96e-06	-110326.204763
2.22	4.04e-06	-109117.914873
2.22	4.12e-06	-105869.043499
2.22	4.2e-06	-112537.239608
2.22	4.28e-06	-109695.824865
2.22	4.36e-06	-109433.770442
2.22	4.44e-06	-105845.291348
2.22	4.52e-06	-113107.901988
2.22	4.6e-06	-109383.229391
2.22	4.68e-06	-110301.027436
2.22	4.76e-06	-104714.617939
2.22	4.84e-06	-112121.813673
2.22	4.92e-06	-107177.4945
2.22	5e-06	-111003.958577
2.22	5.08e-06	-109884.117624
2.22	5.16e-06	-99941.6026686
2.22	5.24e-06	-106624.494866
2.22	5.32e-06	-109618.98269
2.22	5.4e-06	-111240.984751
2.22	5.48e-06	-111337.337549
2.22	5.56e-06	-109766.870694
2.22	5.64e-06	-106844.749264
2.22	5.72e-06	-109408.243052
2.22	5.8e-06	-107308.890374
2.22	5.88e-06	-115992.531747
2.22	5.96e-06	-112284.29007
2.22	6.04e-06	-105940.443802
2.22	6.12e-06	-109173.029823
2.22	6.2e-06	-109821.486345
2.22	6.28e-06	-108808.44845
2.22	6.36e-06	-111365.959994
2.22	6.44e-06	-109862.984721
2.22	6.52e-06	-104599.288099
2.22	6.6e-06	-110740.185729
2.22	6.68e-06	-111075.864533
2.22	6.76e-06	-103306.422034
2.22	6.84e-06	-108605.49016
2.22	6.92e-06	-108983.245285
2.28	3e-06	-108350.813396
2.28	3.08e-06	-107662.86257
2.28	3.16e-06	-105209.806351
2.28	3.24e-06	-103226.549468
2.28	3.32e-06	-113498.354806
2.28	3.4e-06	-107382.907539
2.28	3.48e-06	-108116.532354
2.28	3.56e-06	-102300.511921
2.28	3.64e-06	-97890.8056073
2.28	3.72e-06	-105200.595685
2.28	3.8e-06	-108635.094213
2.28	3.88e-06	-113994.007384
2.28	3.96e-06	-111198.148863
2.28	4.04e-06	-113292.499829
2.28	4.12e-06	-110372.728138
2.28	4.2e-06	-100385.643218
2.28	4.28e-06	-98258.1183686
2.28	4.36e-06	-109345.04378
2.28	4.44e-06	-109128.779255
2.28	4.52e-06	-109026.940684
2.28	4.6e-06	-106105.898146
2.28	4.68e-06	-109332.433426
2.28	4.76e-06	-101374.127696
2.28	4.84e-06	-109321.616753
2.28	4.92e-06	-110255.801013
2.28	5e-06	-110418.031253
2.28	5.08e-06	-110185.995834
2.28	5.16e-06	-110339.74185
2.28	5.24e-06	-107177.635231
2.28	5.32e-06	-109144.480573
2.28	5.4e-06	-113188.763977
2.28	5.48e-06	-111149.480329
2.28	5.56e-06	-109032.30124
2.28	5.64e-06	-98152.0525177
2.28	5.72e-06	-113871.028326
2.28	5.8e-06	-108576.2612
2.28	5.88e-06	-110303.574855
2.28	5.96e-06	-112131.140041
2.28	6.04e-06	-111995.419192
2.28	6.12e-06	-104048.179162
2.28	6.2e-06	-113302.787153
2.28	6.28e-06	-107957.810392
2.28	6.36e-06	-111535.047658
2.28	6.44e-06	-110148.297572
2.28	6.52e-06	-108233.382964
2.28	6.6e-06	-110896.551434
2.28	6.68e-06	-108881.00442
2.28	6.76e-06	-111051.211623
2.28	6.84e-06	-112009.627817
2.28	6.92e-06	-112528.619568
2.34	3e-06	-112861.82944
2.34	3.08e-06	-111523.981407
2.34	3.16e-06	-102720.313346
2.34	3.24e-06	-106659.474493
2.34	3.32e-06	-99317.5581093
2.34	3.4e-06	-108106.933921
2.34	3.48e-06	-103139.359638
2.34	3.56e-06	-109622.196037
2.34	3.64e-06	-104014.644581
2.34	3.72e-06	-107607.363769
2.34	3.8e-06	-109944.739086
2.34	3.88e-06	-111055.406097
2.34	3.96e-06	-109333.803164
2.34	4.04e-06	-100512.968895
2.34	4.12e-06	-114513.200242
2.34	4.2e-06	-112176.106225
2.34	4.28e-06	-109189.202286
2.34	4.36e-06	-114603.665237
2.34	4.44e-06	-107789.18624
2.34	4.52e-06	-108788.950247
2.34	4.6e-06	-111282.26248
2.34	4.68e-06	-109106.969457
2.34	4.76e-06	-110694.627527
2.34	4.84e-06	-110061.512413
2.34	4.92e-06	-110214.0803
2.34	5e-06	-111776.916709
2.34	5.08e-06	-108796.430908
2.34	5.16e-06	-110599.65924
2.34	5.24e-06	-105355.699305
2.34	5.32e-06	-113711.237657
2.34	5.4e-06	-112611.635216
2.34	5.48e-06	-103107.354269
2.34	5.56e-06	-106920.597616
2.34	5.64e-06	-114484.184764
2.34	5.72e-06	-108173.693832
2.34	5.8e-06	-116598.736758
2.34	5.88e-06	-112383.830639
2.34	5.96e-06	-112130.110457
2.34	6.04e-06	-111971.362586
2.34	6.12e-06	-114973.678222
2.34	6.2e-06	-101355.208135
2.34	6.28e-06	-114328.247492
2.34	6.36e-06	-112698.582204
2.34	6.44e-06	-111350.515975
2.34	6.52e-06	-107248.939793
2.34	6.6e-06	-110904.829074
2.34	6.68e-06	-110393.218895
2.34	6.76e-06	-108541.392944
2.34	6.84e-06	-111495.878158
2.34	6.92e-06	-109917.748325
2.4	3e-06	-113078.001831
2.4	3.08e-06	-109230.261366
2.4	3.16e-06	-108880.348761
2.4	3.24e-06	-107714.933049
2.4	3.32e-06	-104812.901963
2.4	3.4e-06	-106533.809112
2.4	3.48e-06	-110682.677192
2.4	3.56e-06	-102458.529071
2.4	3.64e-06	-104572.582021
2.4	3.72e-06	-111509.829909
2.4	3.8e-06	-110997.985737
2.4	3.88e-06	-107498.239894
2.4	3.96e-06	-112463.066969
2.4	4.04e-06	-106196.540819
2.4	4.12e-06	-115222.497362
2.4	4.2e-06	-113204.939569
2.4	4.28e-06	-108503.697383
2.4	4.36e-06	-109485.764424
2.4	4.44e-06	-113284.589626
2.4	4.52e-06	-111839.93141
2.4	4.6e-06	-110017.815513
2.4	4.68e-06	-105227.195489
2.4	4.76e-06	-98525.3726081
2.4	4.84e-06	-115502.290327
2.4	4.92e-06	-106123.862952
2.4	5e-06	-106890.688885
2.4	5.08e-06	-103680.556179
2.4	5.16e-06	-110134.315124
2.4	5.24e-06	-110524.011069
2.4	5.32e-06	-106952.553265
2.4	5.4e-06	-112492.715664
2.4	5.48e-06	-106711.828828
2.4	5.56e-06	-111197.450085
2.4	5.64e-06	-108661.805415
2.4	5.72e-06	-107507.938066
2.4	5.8e-06	-114427.749322
2.4	5.88e-06	-111011.30593
2.4	5.96e-06	-109497.237014
2.4	6.04e-06	-111360.514444
2.4	6.12e-06	-110698.518865
2.4	6.2e-06	-107981.738334
2.4	6.28e-06	-111534.415882
2.4	6.36e-06	-111630.513661
2.4	6.44e-06	-112253.219921
2.4	6.52e-06	-110423.133426
2.4	6.6e-06	-109870.311673
2.4	6.68e-06	-109827.230775
2.4	6.76e-06	-109461.071089
2.4	6.84e-06	-112805.812068
2.4	6.92e-06	-110126.711182
2.46	3e-06	-111209.221599
2.46	3.08e-06	-110158.846826
2.46	3.16e-06	-107340.702954
2.46	3.24e-06	-106704.111422
2.46	3.32e-06	-106725.259216
2.46	3.4e-06	-110188.342553
2.46	3.48e-06	-104533.78159
2.46	3.56e-06	-109987.223508
2.46	3.64e-06	-109414.526232
2.46	3.72e-06	-111028.042951
2.46	3.8e-06	-98464.4175525
2.46	3.88e-06	-108250.393788
2.46	3.96e-06	-109563.348341
2.46	4.04e-06	-108905.62716
2.46	4.12e-06	-111516.527483
2.46	4.2e-06	-102118.269887
2.46	4.28e-06	-107045.381593
2.46	4.36e-06	-103870.740097
2.46	4.44e-06	-108055.350535
2.46	4.52e-06	-103946.137647
2.46	4.6e-06	-112194.320035
2.46	4.68e-06	-106488.974358
2.46	4.76e-06	-108594.122535
2.46	4.84e-06	-108393.401973
2.46	4.92e-06	-103157.904535
2.46	5e-06	-108572.885863
2.46	5.08e-06	-101311.494273
2.46	5.16e-06	-112583.054082
2.46	5.24e-06	-112861.037246
2.46	5.32e-06	-110725.102619
2.46	5.4e-06	-109058.820574
2.46	5.48e-06	-111820.153929
2.46	5.56e-06	-109346.652677
2.46	5.64e-06	-110396.009547
2.46	5.72e-06	-112172.171934
2.46	5.8e-06	-110824.657147
2.46	5.88e-06	-111412.070168
2.46	5.96e-06	-110374.822092
2.46	6.04e-06	-110014.350041
2.46	6.12e-06	-112856.677903
2.46	6.2e-06	-114420.705244
2.46	6.28e-06	-111130.567578
2.46	6.36e-06	-112054.095014
2.46	6.44e-06	-109340.696072
2.46	6.52e-06	-104176.306527
2.46	6.6e-06	-112466.208474
2.46	6.68e-06	-107396.413896
2.46	6.76e-06	-112196.681769
2.46	6.84e-06	-108439.089122
2.46	6.92e-06	-110509.722161
2.52	3e-06	-111601.27745
2.52	3.08e-06	-102290.715315
2.52	3.16e-06	-108324.189675
2.52	3.24e-06	-112431.890418
2.52	3.32e-06	-110787.227573
2.52	3.4e-06	-106972.424304
2.52	3.48e-06	-110496.329459
2.52	3.56e-06	-107800.968343
2.52	3.64e-06	-102220.211825
2.52	3.72e-06	-109936.425084
2.52	3.8e-06	-110823.192696
2.52	3.88e-06	-111066.183098
2.52	3.96e-06	-110198.220279
2.52	4.04e-06	-107618.970757
2.52	4.12e-06	-102141.57372
2.52	4.2e-06	-108486.851459
2.52	4.28e-06	-102677.867959
2.52	4.36e-06	-107711.589303
2.52	4.44e-06	-104831.483911
2.52	4.52e-06	-100924.931613
2.52	4.6e-06	-100062.841339
2.52	4.68e-06	-113531.874099
2.52	4.76e-06	-107574.310167
2.52	4.84e-06	-99083.3078907
2.52	4.92e-06	-109452.940329
2.52	5e-06	-116264.826285
2.52	5.08e-06	-104176.383527
2.52	5.16e-06	-109317.172799
2.52	5.24e-06	-110521.68851
2.52	5.32e-06	-112139.762644
2.52	5.4e-06	-110249.060565
2.52	5.48e-06	-111997.186345
2.52	5.56e-06	-110941.820144
2.52	5.64e-06	-110770.237085
2.52	5.72e-06	-110421.435865
2.52	5.8e-06	-111049.307431
2.52	5.88e-06	-108099.384471
2.52	5.96e-06	-116054.966331
2.52	6.04e-06	-109978.828522
2.52	6.12e-06	-107884.789891
2.52	6.2e-06	-109450.856109
2.52	6.28e-06	-108974.796891
2.52	6.36e-06	-111716.567573
2.52	6.44e-06	-104287.891318
2.52	6.52e-06	-105325.495375
2.52	6.6e-06	-107393.554698
2.52	6.68e-06	-115383.468692
2.52	6.76e-06	-110391.325621
2.52	6.84e-06	-109902.172965
2.52	6.92e-06	-112851.095582
2.58	3e-06	-112171.690785
2.58	3.08e-06	-102141.239098
2.58	3.16e-06	-101195.298837
2.58	3.24e-06	-99862.9963131
2.58	3.32e-06	-110697.36939
2.58	3.4e-06	-95029.2891706
2.58	3.48e-06	-105320.947623
2.58	3.56e-06	-103808.032636
2.58	3.64e-06	-106177.004221
2.58	3.72e-06	-100855.911923
2.58	3.8e-06	-108156.842186
2.58	3.88e-06	-101223.245477
2.58	3.96e-06	-112580.461745
2.58	4.04e-06	-109548.672771
2.58	4.12e-06	-111102.067574
2.58	4.2e-06	-111583.481467
2.58	4.28e-06	-105514.186406
2.58	4.36e-06	-111309.813689
2.58	4.44e-06	-110894.51231
2.58	4.52e-06	-105209.099332
2.58	4.6e-06	-113879.108496
2.58	4.68e-06	-108125.538492
2.58	4.76e-06	-109672.579705
2.58	4.84e-06	-112828.879463
2.58	4.92e-06	-109861.295688
2.58	5e-06	-109016.32435
2.58	5.08e-06	-113760.918123
2.58	5.16e-06	-109718.603591
2.58	5.24e-06	-106125.221604
2.58	5.32e-06	-102091.301918
2.58	5.4e-06	-99453.9608026
2.58	5.48e-06	-109515.782587
2.58	5.56e-06	-113908.711889
2.58	5.64e-06	-111734.846543
2.58	5.72e-06	-106170.305222
2.58	5.8e-06	-113127.263264
2.58	5.88e-06	-112596.675313
2.58	5.96e-06	-103865.066546
2.58	6.04e-06	-111258.620798
2.58	6.12e-06	-113005.35477
2.58	6.2e-06	-107779.317285
2.58	6.28e-06	-108459.762057
2.58	6.36e-06	-112513.386886
2.58	6.44e-06	-109043.280912
2.58	6.52e-06	-113831.246003
2.58	6.6e-06	-111201.471023
2.58	6.68e-06	-107176.627721
2.58	6.76e-06	-110176.771363
2.58	6.84e-06	-110570.646162
2.58	6.92e-06	-107969.524705
2.64	3e-06	-108128.53195
2.64	3.08e-06	-106671.132611
2.64	3.16e-06	-102308.131649
2.64	3.24e-06	-99523.9741655
2.64	3.32e-06	-109918.702771
2.64	3.4e-06	-98236.3647759
2.64	3.48e-06	-110130.299717
2.64	3.56e-06	-99494.2704197
2.64	3.64e-06	-113424.419928
2.64	3.72e-06	-108082.244166
2.64	3.8e-06	-107685.204995
2.64	3.88e-06	-103010.965938
2.64	3.96e-06	-94217.627226
2.64	4.04e-06	-112662.780902
2.64	4.12e-06	-99032.7523585
2.64	4.2e-06	-103600.196113
2.64	4.28e-06	-99826.6501077
2.64	4.36e-06	-107928.539011
2.64	4.44e-06	-109623.623097
2.64	4.52e-06	-101292.230019
2.64	4.6e-06	-107666.174165
2.64	4.68e-06	-111393.152516
2.64	4.76e-06	-106719.945403
2.64	4.84e-06	-111199.945403
2.64	4.92e-06	-109081.918098
2.64	5e-06	-109980.544117
2.64	5.08e-06	-107469.930375
2.64	5.16e-06	-110499.825122
2.64	5.24e-06	-107132.626211
2.64	5.32e-06	-114806.535016
2.64	5.4e-06	-114375.220559
2.64	5.48e-06	-112901.14434
2.64	5.56e-06	-114105.378544
2.64	5.64e-06	-103815.79013
2.64	5.72e-06	-111538.123146
2.64	5.8e-06	-111034.691044
2.64	5.88e-06	-108667.646685
2.64	5.96e-06	-113986.674428
2.64	6.04e-06	-110636.155042
2.64	6.12e-06	-110741.676417
2.64	6.2e-06	-108960.063549
2.64	6.28e-06	-114333.404423
2.64	6.36e-06	-112661.25192
2.64	6.44e-06	-106530.262988
2.64	6.52e-06	-109180.33636
2.64	6.6e-06	-110679.389588
2.64	6.68e-06	-107874.823975
2.64	6.76e-06	-109124.516081
2.64	6.84e-06	-110753.236437
2.64	6.92e-06	-109814.16973
2.7	3e-06	-104644.005219
2.7	3.08e-06	-110374.630096
2.7	3.16e-06	-100193.877121
2.7	3.24e-06	-109427.387225
2.7	3.32e-06	-107579.875878
2.7	3.4e-06	-99543.055867
2.7	3.48e-06	-100145.227635
2.7	3.56e-06	-111785.072542
2.7	3.64e-06	-105868.564856
2.7	3.72e-06	-110658.21674
2.7	3.8e-06	-111750.610436
2.7	3.88e-06	-108161.566224
2.7	3.96e-06	-111194.451177
2.7	4.04e-06	-110009.294492
2.7	4.12e-06	-114056.397102
2.7	4.2e-06	-94175.6213502
2.7	4.28e-06	-103687.817714
2.7	4.36e-06	-109366.350379
2.7	4.44e-06	-105800.479091
2.7	4.52e-06	-113506.458763
2.7	4.6e-06	-108736.719735
2.7	4.68e-06	-109200.886953
2.7	4.76e-06	-100632.291837
2.7	4.84e-06	-113974.823649
2.7	4.92e-06	-107930.637075
2.7	5e-06	-102909.634489
2.7	5.08e-06	-109704.87828
2.7	5.16e-06	-104105.803872
2.7	5.24e-06	-103693.654449
2.7	5.32e-06	-109773.131647
2.7	5.4e-06	-104492.961356
2.7	5.48e-06	-111372.427202
2.7	5.56e-06	-108568.579177
2.7	5.64e-06	-113061.105653
2.7	5.72e-06	-109738.398675
2.7	5.8e-06	-111918.550472
2.7	5.88e-06	-109288.018415
2.7	5.96e-06	-107546.36242
2.7	6.04e-06	-111472.601101
2.7	6.12e-06	-109071.143412
2.7	6.2e-06	-111921.472667
2.7	6.28e-06	-111615.627646
2.7	6.36e-06	-109910.588595
2.7	6.44e-06	-112108.253322
2.7	6.52e-06	-112542.993608
2.7	6.6e-06	-105581.931486
2.7	6.68e-06	-111456.338178
2.7	6.76e-06	-112663.71087
2.7	6.84e-06	-107758.667819
2.7	6.92e-06	-110832.352596
2.76	3e-06	-104193.133323
2.76	3.08e-06	-111290.914302
2.76	3.16e-06	-105322.752614
2.76	3.24e-06	-107204.926574
2.76	3.32e-06	-108104.139556
2.76	3.4e-06	-108165.892658
2.76	3.48e-06	-106653.616733
2.76	3.56e-06	-106840.265015
2.76	3.64e-06	-100921.864769
2.76	3.72e-06	-104717.873579
2.76	3.8e-06	-102878.393718
2.76	3.88e-06	-103830.557402
2.76	3.96e-06	-104887.21082
2.76	4.04e-06	-111203.312217
2.76	4.12e-06	-110957.348807
2.76	4.2e-06	-109941.802981
2.76	4.28e-06	-108495.057698
2.76	4.36e-06	-98027.2285863
2.76	4.44e-06	-108699.791013
2.76	4.52e-06	-112861.326353
2.76	4.6e-06	-111997.699069
2.76	4.68e-06	-113428.261022
2.76	4.76e-06	-113352.524287
2.76	4.84e-06	-107125.653312
2.76	4.92e-06	-108578.936724
2.76	5e-06	-113460.847551
2.76	5.08e-06	-108567.568298
2.76	5.16e-06	-110804.94505
2.76	5.24e-06	-108933.741032
2.76	5.32e-06	-111898.147432
2.76	5.4e-06	-116409.858148
2.76	5.48e-06	-111053.172705
2.76	5.56e-06	-109760.747266
2.76	5.64e-06	-112736.413859
2.76	5.72e-06	-112781.835342
2.76	5.8e-06	-109389.58588
2.76	5.88e-06	-110377.928763
2.76	5.96e-06	-109119.340528
2.76	6.04e-06	-103580.34472
2.76	6.12e-06	-115131.030362
2.76	6.2e-06	-113523.991835
2.76	6.28e-06	-114177.720234
2.76	6.36e-06	-110367.51807
2.76	6.44e-06	-113431.713557
2.76	6.52e-06	-103126.858345
2.76	6.6e-06	-113434.264225
2.76	6.68e-06	-114249.578125
2.76	6.76e-06	-111433.895665
2.76	6.84e-06	-110328.818879
2.76	6.92e-06	-112482.954162
2.82	3e-06	-110251.686408
2.82	3.08e-06	-106880.501055
2.82	3.16e-06	-112312.472363
2.82	3.24e-06	-103146.689889
2.82	3.32e-06	-107271.042875
2.82	3.4e-06	-107976.15795
2.82	3.48e-06	-109559.633047
2.82	3.56e-06	-109730.246641
2.82	3.64e-06	-105424.176178
2.82	3.72e-06	-108324.590697
2.82	3.8e-06	-112529.634152
2.82	3.88e-06	-112192.611677
2.82	3.96e-06	-101635.842026
2.82	4.04e-06	-111781.765396
2.82	4.12e-06	-110318.413224
2.82	4.2e-06	-110654.42465
2.82	4.28e-06	-115396.577563
2.82	4.36e-06	-108243.817426
2.82	4.44e-06	-98085.4605351
2.82	4.52e-06	-114365.660712
2.82	4.6e-06	-101942.552086
2.82	4.68e-06	-109920.741843
2.82	4.76e-06	-108630.725219
2.82	4.84e-06	-112377.817033
2.82	4.92e-06	-102522.957066
2.82	5e-06	-112641.832178
2.82	5.08e-06	-113905.66588
2.82	5.16e-06	-111367.147572
2.82	5.24e-06	-105181.377545
2.82	5.32e-06	-115851.021976
2.82	5.4e-06	-109522.301564
2.82	5.48e-06	-114739.564146
2.82	5.56e-06	-112543.674695
2.82	5.64e-06	-110711.18642
2.82	5.72e-06	-106333.549952
2.82	5.8e-06	-115387.664847
2.82	5.88e-06	-110620.808177
2.82	5.96e-06	-116519.775072
2.82	6.04e-06	-112011.738605
2.82	6.12e-06	-112640.012432
2.82	6.2e-06	-108952.271162
2.82	6.28e-06	-108880.208884
2.82	6.36e-06	-115148.208805
2.82	6.44e-06	-111372.704674
2.82	6.52e-06	-111590.558706
2.82	6.6e-06	-111434.133946
2.82	6.68e-06	-111169.077203
2.82	6.76e-06	-111228.320088
2.82	6.84e-06	-109757.234777
2.82	6.92e-06	-110858.860888
2.88	3e-06	-106608.239273
2.88	3.08e-06	-102074.879562
2.88	3.16e-06	-104915.071468
2.88	3.24e-06	-109599.204559
2.88	3.32e-06	-109976.38983
2.88	3.4e-06	-110083.62947
2.88	3.48e-06	-107801.027097
2.88	3.56e-06	-94381.6727436
2.88	3.64e-06	-100499.672815
2.88	3.72e-06	-100779.974127
2.88	3.8e-06	-105825.85285
2.88	3.88e-06	-111569.628471
2.88	3.96e-06	-98492.6029687
2.88	4.04e-06	-109062.824065
2.88	4.12e-06	-107007.08926
2.88	4.2e-06	-114092.888675
2.88	4.28e-06	-107944.24337
2.88	4.36e-06	-109150.070711
2.88	4.44e-06	-111151.055094
2.88	4.52e-06	-110671.069284
2.88	4.6e-06	-109353.572025
2.88	4.68e-06	-107367.115997
2.88	4.76e-06	-109191.978686
2.88	4.84e-06	-110459.769559
2.88	4.92e-06	-110575.922711
2.88	5e-06	-106999.13066
2.88	5.08e-06	-115593.137154
2.88	5.16e-06	-111405.95099
2.88	5.24e-06	-110235.778706
2.88	5.32e-06	-110433.674237
2.88	5.4e-06	-114426.259535
2.88	5.48e-06	-113762.30237
2.88	5.56e-06	-111507.558837
2.88	5.64e-06	-106186.439848
2.88	5.72e-06	-103380.234326
2.88	5.8e-06	-110672.046576
2.88	5.88e-06	-109076.637829
2.88	5.96e-06	-111311.129094
2.88	6.04e-06	-110845.951829
2.88	6.12e-06	-110034.148698
2.88	6.2e-06	-116255.908839
2.88	6.28e-06	-112599.990521
2.88	6.36e-06	-108827.111967
2.88	6.44e-06	-112029.183195
2.88	6.52e-06	-109383.635859
2.88	6.6e-06	-114299.229486
2.88	6.68e-06	-109573.14979
2.88	6.76e-06	-109487.172295
2.88	6.84e-06	-110262.556352
2.88	6.92e-06	-110157.077428
2.94	3e-06	-110168.945833
2.94	3.08e-06	-108188.667468
2.94	3.16e-06	-105396.567248
2.94	3.24e-06	-101849.639987
2.94	3.32e-06	-103420.939424
2.94	3.4e-06	-116295.00465
2.94	3.48e-06	-115096.94549
2.94	3.56e-06	-112598.710296
2.94	3.64e-06	-108315.705486
2.94	3.72e-06	-110925.146087
2.94	3.8e-06	-110509.341588
2.94	3.88e-06	-96386.4110203
2.94	3.96e-06	-108605.148654
2.94	4.04e-06	-107108.675231
2.94	4.12e-06	-106125.796803
2.94	4.2e-06	-103338.379952
2.94	4.28e-06	-100531.921777
2.94	4.36e-06	-105111.008766
2.94	4.44e-06	-108708.928392
2.94	4.52e-06	-106837.505602
2.94	4.6e-06	-110046.805908
2.94	4.68e-06	-112104.249272
2.94	4.76e-06	-112209.720001
2.94	4.84e-06	-110762.730186
2.94	4.92e-06	-110598.702654
2.94	5e-06	-110030.931963
2.94	5.08e-06	-111883.12402
2.94	5.16e-06	-109430.838811
2.94	5.24e-06	-112200.206006
2.94	5.32e-06	-107662.789796
2.94	5.4e-06	-110831.262133
2.94	5.48e-06	-109612.045606
2.94	5.56e-06	-104541.312299
2.94	5.64e-06	-111656.78321
2.94	5.72e-06	-114772.437431
2.94	5.8e-06	-107757.919274
2.94	5.88e-06	-109904.415584
2.94	5.96e-06	-106290.209433
2.94	6.04e-06	-110307.17043
2.94	6.12e-06	-107609.229805
2.94	6.2e-06	-109871.132719
2.94	6.28e-06	-106662.203311
2.94	6.36e-06	-101548.449586
2.94	6.44e-06	-112083.626305
2.94	6.52e-06	-114508.461368
2.94	6.6e-06	-110337.644742
2.94	6.68e-06	-111434.847797
2.94	6.76e-06	-113602.731837
2.94	6.84e-06	-111365.748388
2.94	6.92e-06	-112997.270227
