100.99653 100.99653 100.99626 100.99600 100.99895 101.00191 101.00208 101.00224 101.00073 100.99922 106.07233 111.14543 111.14543
100.99653 101.00552 101.00526 101.00524 101.00819 101.01115 101.00895 101.00911 101.00760 101.00731 101.01915 101.51281 111.14543
100.99775 101.00699 101.01010 101.01327 101.01816 101.02582 101.04395 101.10229 101.10640 101.07163 101.52655 102.62496 121.29585
101.00092 101.01016 101.01511 101.02290 101.03063 101.03454 101.10314 101.37815 101.49426 101.37360 102.28351 105.19988 135.05524
101.00409 101.01218 101.01914 101.03176 101.04959 101.05429 101.15658 101.76819 102.11674 102.55013 102.46119 103.36042 148.81462
101.00254 101.01064 101.01884 101.02922 101.05568 101.30033 101.43564 101.52538 102.98195 103.85882 105.14719 110.32104 160.88330
101.00100 101.00100 101.03203 101.10197 101.17001 101.36908 102.08738 102.57904 102.78443 104.35285 107.69844 115.35651 172.95197
100.99962 100.99962 101.03774 101.34987 101.38225 101.50018 102.35187 103.96143 105.07591 104.62598 109.76641 121.50054 183.76656
100.99824 100.99899 101.11323 101.25391 102.08017 102.83185 102.55533 102.96329 105.49431 106.89332 112.42852 126.08899 194.58115
109.03131 101.00038 101.38247 101.36735 102.25873 103.64915 104.70312 104.98962 106.51805 109.34009 117.50684 133.96535 204.40658
117.06437 101.00516 101.71912 102.11450 102.66497 105.95355 108.36310 106.34873 110.40858 113.57441 123.32924 138.86376 214.23202
129.90840 101.01509 102.18251 103.35766 102.60348 106.15008 109.93129 110.42614 112.78602 118.38128 128.96638 146.19675 223.24838
142.75244 101.03236 101.94814 104.47647 104.61694 103.60730 104.59602 109.87914 118.13102 124.15712 135.57324 157.24915 232.26475
154.04369 101.03606 101.39837 104.38158 107.07281 109.05190 107.17400 108.82788 122.02688 131.73521 145.57658 168.12883 240.60229
165.33495 101.05279 101.67259 102.89775 106.42222 113.98130 114.21095 111.80541 128.59974 139.99719 152.71236 173.89327 248.93983
175.46155 101.05689 102.60563 102.71629 105.64966 113.63465 121.24819 118.84422 124.40231 136.05801 155.68843 185.58270 256.69236
185.58814 101.06785 103.51248 105.22232 107.24516 112.90347 121.61622 127.51287 129.57388 138.71762 155.53896 186.17722 264.44489
194.78695 101.08887 104.27705 106.86213 105.20084 108.48618 117.33177 134.41587 145.29629 160.99833 167.57001 194.77145 271.68762
203.98575 101.09349 103.09874 106.41121 107.81060 112.07923 111.49955 125.97975 150.00315 164.73183 177.99623 203.53984 278.93035
212.42556 101.11473 103.34222 106.91863 106.29254 118.12282 124.22433 125.18988 135.58952 157.24180 177.68717 210.93936 285.72552
220.86537 101.12244 104.57145 107.84003 107.13874 122.27193 135.35027 141.17915 147.31854 155.80333 178.84923 211.68859 292.52069
228.65935 101.12599 102.72509 107.56724 110.53437 115.53718 133.45044 145.88545 152.19965 174.93792 200.51360 228.24282 298.90730
236.45332 101.14420 102.79428 104.79429 112.78936 118.96635 125.24714 134.01390 164.34074 183.53823 208.47924 241.34950 305.29391
243.69522 101.15382 106.00936 110.27513 107.13213 117.97578 133.20005 138.00717 151.46817 175.33689 197.71700 234.33995 311.31367
250.93713 101.15988 106.08678 118.24586 119.08790 116.50947 133.86519 152.91592 164.81601 174.00388 196.66822 234.97036 317.33343
257.69020 101.17690 106.09167 114.10441 130.80295 130.63202 122.59571 146.61946 169.09935 191.81501 212.79550 245.77467 323.01851
264.44327 101.18567 105.72130 118.60143 137.26674 150.73043 147.82215 139.97777 162.75558 200.92475 225.01072 256.32401 328.70359
270.76424 101.19130 104.26126 108.73656 133.88982 158.83952 169.07787 163.06689 164.44452 189.44993 220.58254 258.79963 334.07667
277.08522 101.19818 102.47756 103.24032 124.17536 147.31273 161.36771 171.95854 174.97430 191.00160 216.89870 259.34534 339.44975
283.01561 101.20992 104.26383 103.08843 108.57679 108.61376 131.95231 140.13693 182.51416 205.22200 233.53216 268.93840 344.54326
288.94600 101.22258 109.93307 114.47496 108.81560 114.39618 128.96261 142.21413 167.77426 216.96799 246.83605 280.36473 349.63676
294.52022 101.23568 110.37907 121.55282 122.74392 111.61950 129.34512 149.33395 172.54669 203.98131 241.84067 284.19325 354.45854
300.09443 101.24050 108.73590 117.65194 132.45982 125.05773 142.14979 158.53179 189.73999 211.22470 239.10501 284.75755 359.28033
305.34367 101.24810 111.47666 122.40553 144.44189 136.51722 143.20241 169.48665 215.00125 237.96766 259.61396 295.33088 363.85283
310.59291 101.25717 107.89738 130.78625 142.78623 150.75950 148.72070 162.97107 198.58480 248.30753 274.32195 307.44621 368.42534
315.54437 101.26764 108.17067 120.14178 133.59342 159.23309 180.22229 182.16151 196.41446 229.78622 267.33161 306.86618 372.76433
320.49583 101.28534 115.92772 124.99388 114.83005 143.69581 177.92871 214.63223 219.12537 232.61703 263.11070 307.29414 377.10332
325.16593 101.29719 118.62768 140.93412 132.77267 132.81744 144.37109 209.94891 244.68668 259.15064 281.52314 315.88366 381.21993
329.83604 101.30644 122.20657 156.02106 174.14112 174.50669 157.38906 174.56610 224.55100 268.52800 296.25655 326.90163 385.33654
334.24983 101.31373 127.62907 159.78635 200.59992 200.14255 211.70308 191.30332 224.80302 252.52517 291.56977 329.25845 389.24066
338.66362 101.32595 117.30412 149.12258 153.82710 184.86093 218.54481 237.79739 249.15802 259.94379 289.82286 329.79071 393.14478
342.82882 101.33336 118.75603 150.22379 143.41731 153.77835 195.57017 235.95875 259.87446 289.26033 311.15572 339.43394 396.85107
346.99402 101.34427 130.68264 156.16091 188.64122 189.45804 181.63842 209.06767 268.22622 294.98204 320.94302 351.80497 400.55737
350.93050 101.35780 116.00785 135.85772 156.86824 200.41532 231.85964 224.62493 242.30891 279.15541 306.49531 343.04435 404.07022
354.86699 102.09115 122.77159 136.68383 146.12923 181.72421 242.74372 274.02258 271.71281 277.17905 313.89940 345.16674 407.58308
358.58437 105.44786 152.42668 185.08862 160.70429 181.24679 222.78252 291.61491 300.97758 303.15969 333.25958 358.36576 410.90873
362.30176 114.45739 177.57447 202.13168 206.99887 202.93347 247.41705 285.14410 301.65297 320.11835 342.10487 367.42739 414.23439
365.80816 132.65017 203.33632 243.27812 242.03155 187.07326 205.53544 256.47405 286.87565 325.99479 343.73199 372.20120 417.38805
369.31457 160.37401 225.36723 271.34232 248.86472 261.86990 233.60794 236.38958 273.70550 311.01281 333.43461 365.78086 420.54171
372.62478 194.80613 237.35421 278.95202 296.76385 295.89106 297.94831 267.05460 288.54208 303.92479 333.32989 366.37878 423.52185
375.93499 249.36573 272.59302 289.42228 306.65248 317.58032 324.58249 300.73332 324.72693 333.95578 342.43048 369.78836 426.50199
379.05334 310.28663 318.73670 329.31142 338.86041 354.99151 353.88606 355.32211 355.83451 366.36388 361.73633 388.00603 429.32263
379.05334 379.05334 384.57466 390.09598 395.35456 400.61315 405.62726 410.64137 415.42040 420.19942 424.76103 429.32263 429.32263
