100.99653 100.99653 100.99626 100.99600 100.99895 101.00191 101.00208 101.00224 101.00073 100.99922 106.07233 111.14543 111.14543
100.99653 100.99653 100.99626 100.99600 100.99895 101.00191 101.00208 101.00224 101.00073 100.99922 106.07233 111.14543 111.14543
100.99775 100.99775 100.99702 100.99703 100.99952 101.02370 101.01372 101.54884 101.54890 104.66430 113.36090 121.29585 121.29585
101.00092 101.00092 100.99894 100.99709 100.99949 101.15292 101.94363 104.64468 109.21718 117.23337 126.15291 135.05524 135.05524
101.00409 101.00409 101.00002 100.99733 101.33303 101.96457 103.02227 110.36667 116.48178 129.37617 136.92445 148.81462 148.81462
101.00254 101.00254 101.00069 101.31810 102.31062 108.15722 114.38172 119.10502 133.77103 139.04483 151.91891 160.88330 160.88330
101.00100 101.00100 101.32888 103.55770 106.91191 113.20107 121.33302 132.78844 144.60095 154.99601 163.17364 172.95197 172.95197
100.99962 100.99962 104.25221 110.67702 114.61638 123.09116 133.84765 143.95494 157.88817 165.47214 173.28797 183.76656 183.76656
100.99824 100.99824 108.74135 115.39403 125.60010 139.45136 149.92676 157.55723 168.52520 176.09446 185.05348 194.58115 194.58115
109.03131 109.03131 117.13730 128.48275 138.50493 147.92874 161.06284 168.63407 176.46902 187.15257 197.40394 204.40658 204.40658
117.06437 117.06437 128.20541 140.50343 151.90707 163.06740 173.70494 178.12487 191.05152 200.69574 207.98201 214.23202 214.23202
129.90840 129.90840 139.62751 153.61367 162.69911 173.65007 180.81227 189.09693 199.14500 208.17249 216.20867 223.24838 223.24838
142.75244 142.75244 153.26980 163.68219 173.49099 181.16475 191.77786 199.59822 212.09200 217.24002 224.08875 232.26475 232.26475
154.04369 154.04369 162.91010 177.99405 183.28227 192.27721 201.43899 207.35327 218.30600 225.26531 234.48918 240.60229 240.60229
165.33495 165.33495 174.95398 182.88293 192.07346 205.42711 209.76605 217.14333 230.36730 234.69417 241.65425 248.93983 248.93983
175.46155 175.46155 183.59908 194.96332 204.45496 211.36448 219.17855 227.78646 234.77117 239.15104 249.68053 256.69236 256.69236
185.58814 185.58814 193.88686 203.59311 211.05079 221.12926 227.26793 237.64155 241.95265 251.00505 257.07743 264.44489 264.44489
194.78695 194.78695 202.48665 213.37864 219.49961 227.79483 238.23619 244.73541 251.72657 262.14667 266.09758 271.68762 271.68762
203.98575 203.98575 212.46694 221.07877 229.59405 236.85658 243.52863 252.96920 259.51824 265.67201 272.30543 278.93035 278.93035
212.42556 212.42556 219.72680 231.96579 235.36038 244.16052 251.54698 258.77166 265.94974 274.88237 279.26775 285.72552 285.72552
220.86537 220.86537 228.86132 235.62283 243.43967 254.95827 261.38063 265.39402 274.88395 279.86815 285.73475 292.52069 292.52069
228.65935 228.65935 235.53076 245.06963 252.51145 259.35810 268.09401 274.13861 277.24168 286.01844 293.69497 298.90730 298.90730
236.45332 236.45332 243.53997 251.87299 260.52137 265.96290 273.80949 279.72984 287.23702 292.76772 299.15765 305.29391 305.29391
243.69522 243.69522 250.35863 259.62042 265.54014 271.60925 278.55917 284.37300 292.03917 301.14525 305.27094 311.31367 311.31367
250.93713 250.93713 258.11319 265.93253 272.66928 280.19963 287.66414 292.06904 300.19277 305.82782 310.99317 317.33343 317.33343
257.69020 257.69020 263.89174 269.30937 280.07283 287.44047 292.58852 301.16800 304.28472 310.95655 318.09621 323.01851 323.01851
264.44327 264.44327 270.89345 279.66929 285.57326 293.90196 297.78541 305.78671 311.22563 317.39408 322.95116 328.70359 328.70359
270.76424 270.76424 276.89764 281.36016 292.50195 298.83655 304.51439 311.43965 316.71108 320.17834 328.36140 334.07667 334.07667
277.08522 277.08522 284.62510 290.71218 297.36721 300.44489 310.00036 314.87632 321.98725 328.61347 333.46522 339.44975 339.44975
283.01561 283.01561 289.64149 296.86839 300.39211 311.57343 316.53917 322.16911 329.15304 333.18676 339.85147 344.54326 344.54326
288.94600 288.94600 294.65762 303.80673 308.34585 315.49370 321.06323 328.08185 332.89512 338.83248 344.19412 349.63676 349.63676
294.52022 294.52022 300.55048 307.15252 313.83355 319.42784 325.64305 333.16516 337.91588 341.27807 349.00404 354.45854 354.45854
300.09443 300.09443 305.75924 309.91879 317.35625 326.00359 332.39953 335.10962 342.83539 348.40604 353.57806 359.28033 359.28033
305.34367 305.34367 312.43618 318.06231 326.06219 330.89059 336.53845 341.93923 348.67478 352.93787 359.34334 363.85283 363.85283
310.59291 310.59291 316.84872 323.54448 329.18810 334.35542 341.07853 346.77015 352.43227 357.99351 363.23956 368.42534 368.42534
315.54437 315.54437 321.14194 330.10727 333.38595 339.62848 345.14324 351.24525 356.85607 360.14485 367.52428 372.76433 372.76433
320.49583 320.49583 326.56310 332.03025 338.56181 345.75285 350.80415 356.38575 361.05643 367.24823 371.63626 377.10332 377.10332
325.16593 325.16593 330.53347 337.85424 343.62999 349.63551 354.26359 360.68511 365.33946 370.81124 376.86026 381.21993 381.21993
329.83604 329.83604 335.38288 342.02409 348.77120 354.32684 358.99923 365.42752 371.10163 375.63041 380.36427 385.33654 385.33654
334.24983 334.24983 339.61465 346.71830 351.22010 359.27538 363.17904 367.49849 374.59633 377.33353 384.17722 389.24066 389.24066
338.66362 338.66362 344.49360 350.94089 356.45544 362.19312 367.32867 372.76881 378.55869 383.66298 387.87293 393.14478 393.14478
342.82882 342.82882 348.11184 356.42426 359.57096 365.73372 371.84775 376.57783 380.42672 386.72256 392.61097 396.85107 396.85107
346.99402 346.99402 352.67807 357.91895 364.00883 369.17863 375.78152 380.79073 386.29054 390.63772 395.76208 400.55737 400.55737
350.93050 350.93050 356.00730 362.88347 368.90429 374.13526 378.99629 385.28822 389.09358 395.69955 399.15100 404.07022 404.07022
354.86699 354.86699 360.07395 366.55640 371.36153 377.93730 382.86855 388.36420 392.77657 397.77395 403.42579 407.58308 407.58308
358.58437 358.58437 363.64800 370.68957 375.17084 380.44120 384.88449 392.16511 395.74820 401.00175 407.05628 410.90873 410.90873
362.30176 362.30176 368.51343 372.18508 378.93455 385.80892 389.05198 394.50086 400.56378 405.04170 410.03951 414.23439 414.23439
365.80816 365.80816 372.18949 376.71960 381.65184 387.63189 393.22171 400.69347 403.35177 409.21994 412.53981 417.38805 417.38805
369.31457 369.31457 374.65785 380.16004 383.91801 391.96630 395.84261 401.54526 405.86903 411.85583 415.93823 420.54171 420.54171
372.62478 372.62478 377.62448 384.16682 389.31555 394.51273 399.48314 404.03552 410.06320 413.37915 419.29694 423.52185 423.52185
375.93499 375.93499 381.24427 387.52525 391.77442 396.30586 403.18095 407.25059 412.94937 417.51358 422.33170 426.50199 426.50199
379.05334 379.05334 384.57466 390.09598 395.35456 400.61315 405.62726 410.64137 415.42040 420.19942 424.76103 429.32263 429.32263
379.05334 379.05334 384.57466 390.09598 395.35456 400.61315 405.62726 410.64137 415.42040 420.19942 424.76103 429.32263 429.32263
