0.0	3e-06	-55015.3833531
0.0	3.08e-06	-55015.3833531
0.0	3.16e-06	-55015.3833531
0.0	3.24e-06	-55015.3833531
0.0	3.32e-06	-55015.3833531
0.0	3.4e-06	-55015.3833531
0.0	3.48e-06	-55015.3833531
0.0	3.56e-06	-55015.3833531
0.0	3.64e-06	-55015.3833531
0.0	3.72e-06	-55015.3833531
0.0	3.8e-06	-55015.3833531
0.0	3.88e-06	-55015.3833531
0.0	3.96e-06	-55015.3833531
0.0	4.04e-06	-55015.3833531
0.0	4.12e-06	-55015.3833531
0.0	4.2e-06	-55015.3833531
0.0	4.28e-06	-55015.3833531
0.0	4.36e-06	-55015.3833531
0.0	4.44e-06	-55015.3833531
0.0	4.52e-06	-55015.3833531
0.0	4.6e-06	-55015.3833531
0.0	4.68e-06	-55015.3833531
0.0	4.76e-06	-55015.3833531
0.0	4.84e-06	-55015.3833531
0.0	4.92e-06	-55015.3833531
0.0	5e-06	-55015.3833531
0.0	5.08e-06	-55015.3833531
0.0	5.16e-06	-55015.3833531
0.0	5.24e-06	-55015.3833531
0.0	5.32e-06	-55015.3833531
0.0	5.4e-06	-55015.3833531
0.0	5.48e-06	-55015.3833531
0.0	5.56e-06	-55015.3833531
0.0	5.64e-06	-55015.3833531
0.0	5.72e-06	-55015.3833531
0.0	5.8e-06	-55015.3833531
0.0	5.88e-06	-55015.3833531
0.0	5.96e-06	-55015.3833531
0.0	6.04e-06	-55015.3833531
0.0	6.12e-06	-55015.3833531
0.0	6.2e-06	-55015.3833531
0.0	6.28e-06	-55015.3833531
0.0	6.36e-06	-55015.3833531
0.0	6.44e-06	-55015.3833531
0.0	6.52e-06	-55015.3833531
0.0	6.6e-06	-55015.3833531
0.0	6.68e-06	-55015.3833531
0.0	6.76e-06	-55015.3833531
0.0	6.84e-06	-55015.3833531
0.0	6.92e-06	-55015.3833531
0.06	3e-06	-53847.9468626
0.06	3.08e-06	-53827.7832913
0.06	3.16e-06	-53788.0034721
0.06	3.24e-06	-53751.1184303
0.06	3.32e-06	-53706.5232998
0.06	3.4e-06	-53670.0369729
0.06	3.48e-06	-53641.4856746
0.06	3.56e-06	-53580.4210479
0.06	3.64e-06	-53569.9159343
0.06	3.72e-06	-53538.0386432
0.06	3.8e-06	-53500.1174277
0.06	3.88e-06	-53463.6527459
0.06	3.96e-06	-53418.1118481
0.06	4.04e-06	-53398.9361085
0.06	4.12e-06	-53350.86997
0.06	4.2e-06	-53315.4198744
0.06	4.28e-06	-53263.2343771
0.06	4.36e-06	-53226.2043824
0.06	4.44e-06	-53184.3273202
0.06	4.52e-06	-53185.9886492
0.06	4.6e-06	-53116.5223277
0.06	4.68e-06	-53091.1018839
0.06	4.76e-06	-53035.6806476
0.06	4.84e-06	-53017.9929025
0.06	4.92e-06	-52975.4313532
0.06	5e-06	-52927.5065582
0.06	5.08e-06	-52911.9893553
0.06	5.16e-06	-52866.1726404
0.06	5.24e-06	-52799.510262
0.06	5.32e-06	-52776.3148853
0.06	5.4e-06	-52726.0159922
0.06	5.48e-06	-52685.9087718
0.06	5.56e-06	-52665.7760777
0.06	5.64e-06	-52623.6157031
0.06	5.72e-06	-52598.4825779
0.06	5.8e-06	-52506.6421698
0.06	5.88e-06	-52486.9945532
0.06	5.96e-06	-52463.4045338
0.06	6.04e-06	-52374.1645861
0.06	6.12e-06	-52357.7794273
0.06	6.2e-06	-52329.1633066
0.06	6.28e-06	-52247.058116
0.06	6.36e-06	-52216.6357603
0.06	6.44e-06	-52183.2326637
0.06	6.52e-06	-52181.0524597
0.06	6.6e-06	-52171.6326179
0.06	6.68e-06	-52082.0473623
0.06	6.76e-06	-52082.5438732
0.06	6.84e-06	-52039.6851684
0.06	6.92e-06	-51983.2004028
0.12	3e-06	-53317.0132246
0.12	3.08e-06	-53223.7010973
0.12	3.16e-06	-53177.9363643
0.12	3.24e-06	-53139.4050263
0.12	3.32e-06	-53085.5877119
0.12	3.4e-06	-53015.6959599
0.12	3.48e-06	-52978.0716398
0.12	3.56e-06	-52914.5908468
0.12	3.64e-06	-52863.6136853
0.12	3.72e-06	-52815.0885146
0.12	3.8e-06	-52761.5105571
0.12	3.88e-06	-52677.5399537
0.12	3.96e-06	-52647.5714186
0.12	4.04e-06	-52579.2624887
0.12	4.12e-06	-52509.3106158
0.12	4.2e-06	-52485.6020435
0.12	4.28e-06	-52380.7959949
0.12	4.36e-06	-52350.063168
0.12	4.44e-06	-52248.5767778
0.12	4.52e-06	-52174.8146361
0.12	4.6e-06	-52194.1601554
0.12	4.68e-06	-52125.9688369
0.12	4.76e-06	-52084.2767362
0.12	4.84e-06	-52008.5681767
0.12	4.92e-06	-51970.9824117
0.12	5e-06	-51915.5250223
0.12	5.08e-06	-51775.9940578
0.12	5.16e-06	-51774.6066114
0.12	5.24e-06	-51725.7575651
0.12	5.32e-06	-51624.5292463
0.12	5.4e-06	-51592.1533501
0.12	5.48e-06	-51532.8442393
0.12	5.56e-06	-51408.5304591
0.12	5.64e-06	-51332.3204084
0.12	5.72e-06	-51268.630881
0.12	5.8e-06	-51204.6930956
0.12	5.88e-06	-51173.7907147
0.12	5.96e-06	-51107.3640137
0.12	6.04e-06	-51053.0689062
0.12	6.12e-06	-50980.2729645
0.12	6.2e-06	-50929.5045897
0.12	6.28e-06	-50964.9079415
0.12	6.36e-06	-50787.084185
0.12	6.44e-06	-50665.8493614
0.12	6.52e-06	-50822.013763
0.12	6.6e-06	-50654.0424246
0.12	6.68e-06	-50604.5988833
0.12	6.76e-06	-50539.1927247
0.12	6.84e-06	-50438.0405596
0.12	6.92e-06	-50514.2628757
0.18	3e-06	-52832.2959897
0.18	3.08e-06	-52795.401405
0.18	3.16e-06	-52701.2803233
0.18	3.24e-06	-52639.447163
0.18	3.32e-06	-52553.2996273
0.18	3.4e-06	-52487.6773814
0.18	3.48e-06	-52445.5368011
0.18	3.56e-06	-52350.0620891
0.18	3.64e-06	-52249.8008194
0.18	3.72e-06	-52175.2683922
0.18	3.8e-06	-52158.4266235
0.18	3.88e-06	-52087.6048503
0.18	3.96e-06	-52006.1583296
0.18	4.04e-06	-51898.4716383
0.18	4.12e-06	-51865.4932022
0.18	4.2e-06	-51847.4544783
0.18	4.28e-06	-51693.9880625
0.18	4.36e-06	-51613.5702314
0.18	4.44e-06	-51560.2746927
0.18	4.52e-06	-51452.6911104
0.18	4.6e-06	-51357.7102929
0.18	4.68e-06	-51257.9477746
0.18	4.76e-06	-51122.0886818
0.18	4.84e-06	-51146.2942268
0.18	4.92e-06	-51066.1033713
0.18	5e-06	-50973.9060634
0.18	5.08e-06	-50914.0051674
0.18	5.16e-06	-50770.826573
0.18	5.24e-06	-50831.4235661
0.18	5.32e-06	-50784.894416
0.18	5.4e-06	-50630.9976967
0.18	5.48e-06	-50566.2189119
0.18	5.56e-06	-50531.9463592
0.18	5.64e-06	-50523.9803871
0.18	5.72e-06	-50478.334725
0.18	5.8e-06	-50334.2758717
0.18	5.88e-06	-50287.2252482
0.18	5.96e-06	-50115.9033806
0.18	6.04e-06	-50060.0038963
0.18	6.12e-06	-49864.4462563
0.18	6.2e-06	-49848.0853683
0.18	6.28e-06	-49795.2050078
0.18	6.36e-06	-49797.1021436
0.18	6.44e-06	-49613.703093
0.18	6.52e-06	-49430.9460043
0.18	6.6e-06	-49484.820401
0.18	6.68e-06	-49295.4253581
0.18	6.76e-06	-49108.3430092
0.18	6.84e-06	-49290.8869626
0.18	6.92e-06	-49165.2621451
0.24	3e-06	-52425.672984
0.24	3.08e-06	-52344.6694253
0.24	3.16e-06	-52254.8233076
0.24	3.24e-06	-52174.3208513
0.24	3.32e-06	-52118.5096437
0.24	3.4e-06	-52041.405464
0.24	3.48e-06	-51953.3025734
0.24	3.56e-06	-51890.2754993
0.24	3.64e-06	-51812.9191184
0.24	3.72e-06	-51696.0669663
0.24	3.8e-06	-51591.0373412
0.24	3.88e-06	-51526.1289133
0.24	3.96e-06	-51374.3266126
0.24	4.04e-06	-51262.6943712
0.24	4.12e-06	-51161.9100351
0.24	4.2e-06	-51103.0869483
0.24	4.28e-06	-51044.2788336
0.24	4.36e-06	-50991.3199927
0.24	4.44e-06	-50899.9107492
0.24	4.52e-06	-50801.3103187
0.24	4.6e-06	-50711.359731
0.24	4.68e-06	-50633.3653887
0.24	4.76e-06	-50728.4652425
0.24	4.84e-06	-50496.7147763
0.24	4.92e-06	-50418.5594661
0.24	5e-06	-50289.5329852
0.24	5.08e-06	-50236.5592735
0.24	5.16e-06	-50203.0988437
0.24	5.24e-06	-50112.0191518
0.24	5.32e-06	-49972.5999772
0.24	5.4e-06	-49742.5501482
0.24	5.48e-06	-49730.4103539
0.24	5.56e-06	-49870.5959637
0.24	5.64e-06	-49650.3109028
0.24	5.72e-06	-49357.9171089
0.24	5.8e-06	-49344.2117561
0.24	5.88e-06	-49467.4730874
0.24	5.96e-06	-49267.8747229
0.24	6.04e-06	-48982.6777158
0.24	6.12e-06	-49010.1534059
0.24	6.2e-06	-49151.6434906
0.24	6.28e-06	-48829.0983945
0.24	6.36e-06	-48718.8397703
0.24	6.44e-06	-48549.7608437
0.24	6.52e-06	-48569.9159129
0.24	6.6e-06	-48355.824005
0.24	6.68e-06	-48175.4718129
0.24	6.76e-06	-48485.8011719
0.24	6.84e-06	-47858.4422284
0.24	6.92e-06	-47970.8704603
0.3	3e-06	-52116.2457702
0.3	3.08e-06	-51980.0420015
0.3	3.16e-06	-51912.4852287
0.3	3.24e-06	-51787.2771686
0.3	3.32e-06	-51697.8052063
0.3	3.4e-06	-51618.592965
0.3	3.48e-06	-51451.4882535
0.3	3.56e-06	-51344.8699429
0.3	3.64e-06	-51251.6566168
0.3	3.72e-06	-51175.6667956
0.3	3.8e-06	-51033.5329476
0.3	3.88e-06	-51038.761093
0.3	3.96e-06	-50922.6573621
0.3	4.04e-06	-50690.6066438
0.3	4.12e-06	-50712.9404374
0.3	4.2e-06	-50798.2558176
0.3	4.28e-06	-50522.4008079
0.3	4.36e-06	-50480.2217146
0.3	4.44e-06	-50587.7439494
0.3	4.52e-06	-50281.8296623
0.3	4.6e-06	-50123.0001751
0.3	4.68e-06	-50097.4477414
0.3	4.76e-06	-50015.5760764
0.3	4.84e-06	-49851.5546925
0.3	4.92e-06	-49689.6883483
0.3	5e-06	-49524.9833181
0.3	5.08e-06	-49538.8203782
0.3	5.16e-06	-49185.195418
0.3	5.24e-06	-49281.3415131
0.3	5.32e-06	-49475.0823891
0.3	5.4e-06	-49028.1673003
0.3	5.48e-06	-48797.8810491
0.3	5.56e-06	-49157.8887592
0.3	5.64e-06	-48946.9533364
0.3	5.72e-06	-48848.5169188
0.3	5.8e-06	-48525.2437148
0.3	5.88e-06	-48208.2132207
0.3	5.96e-06	-48177.6754393
0.3	6.04e-06	-48029.1984439
0.3	6.12e-06	-48305.3377664
0.3	6.2e-06	-47966.1028612
0.3	6.28e-06	-47572.3746822
0.3	6.36e-06	-47841.1920199
0.3	6.44e-06	-47361.0691121
0.3	6.52e-06	-47167.4382062
0.3	6.6e-06	-46939.7832247
0.3	6.68e-06	-46960.6302627
0.3	6.76e-06	-46802.2149391
0.3	6.84e-06	-46755.735104
0.3	6.92e-06	-46586.6667725
0.36	3e-06	-51732.777914
0.36	3.08e-06	-51615.4799319
0.36	3.16e-06	-51518.3568209
0.36	3.24e-06	-51357.4292444
0.36	3.32e-06	-51270.4802677
0.36	3.4e-06	-51174.3712341
0.36	3.48e-06	-51114.9682393
0.36	3.56e-06	-50991.111109
0.36	3.64e-06	-50817.6062276
0.36	3.72e-06	-50716.6841432
0.36	3.8e-06	-50735.7251614
0.36	3.88e-06	-50626.8191935
0.36	3.96e-06	-50453.6141436
0.36	4.04e-06	-50544.372522
0.36	4.12e-06	-50184.1860867
0.36	4.2e-06	-50209.2226707
0.36	4.28e-06	-49966.1798802
0.36	4.36e-06	-49807.4601009
0.36	4.44e-06	-49758.0176902
0.36	4.52e-06	-49851.9417342
0.36	4.6e-06	-49512.6904773
0.36	4.68e-06	-49269.5591898
0.36	4.76e-06	-49351.368783
0.36	4.84e-06	-49396.8165188
0.36	4.92e-06	-49375.6222771
0.36	5e-06	-48930.0330111
0.36	5.08e-06	-48719.4916309
0.36	5.16e-06	-48946.3000397
0.36	5.24e-06	-48876.727148
0.36	5.32e-06	-48493.9753943
0.36	5.4e-06	-48282.6578999
0.36	5.48e-06	-48525.3319793
0.36	5.56e-06	-48054.8275448
0.36	5.64e-06	-48141.3348687
0.36	5.72e-06	-47778.9536816
0.36	5.8e-06	-47615.6379461
0.36	5.88e-06	-47551.5363932
0.36	5.96e-06	-47007.515554
0.36	6.04e-06	-47312.7593087
0.36	6.12e-06	-47065.877852
0.36	6.2e-06	-46742.4569704
0.36	6.28e-06	-46397.6275036
0.36	6.36e-06	-46540.859818
0.36	6.44e-06	-46370.0551225
0.36	6.52e-06	-46169.5619417
0.36	6.6e-06	-46054.5049946
0.36	6.68e-06	-45915.1958309
0.36	6.76e-06	-47252.7557583
0.36	6.84e-06	-45904.6378524
0.36	6.92e-06	-45755.1547214
0.42	3e-06	-51306.6539907
0.42	3.08e-06	-51233.3811448
0.42	3.16e-06	-51179.2542771
0.42	3.24e-06	-51009.4984934
0.42	3.32e-06	-50947.8340721
0.42	3.4e-06	-50829.4366172
0.42	3.48e-06	-50749.3276137
0.42	3.56e-06	-50648.1329608
0.42	3.64e-06	-50545.6065116
0.42	3.72e-06	-50443.1702228
0.42	3.8e-06	-50281.9052833
0.42	3.88e-06	-50230.7573083
0.42	3.96e-06	-49934.274829
0.42	4.04e-06	-49910.92744
0.42	4.12e-06	-49752.2248288
0.42	4.2e-06	-49537.9626492
0.42	4.28e-06	-49483.9788969
0.42	4.36e-06	-49202.0254716
0.42	4.44e-06	-49251.7923165
0.42	4.52e-06	-49062.6411073
0.42	4.6e-06	-48977.2607732
0.42	4.68e-06	-48865.0366412
0.42	4.76e-06	-48934.108777
0.42	4.84e-06	-48676.3780693
0.42	4.92e-06	-48690.1706373
0.42	5e-06	-48223.5105642
0.42	5.08e-06	-48101.4062413
0.42	5.16e-06	-47922.7198648
0.42	5.24e-06	-47968.2499713
0.42	5.32e-06	-47750.6596318
0.42	5.4e-06	-47554.9038066
0.42	5.48e-06	-47373.2188958
0.42	5.56e-06	-47312.378781
0.42	5.64e-06	-47272.3658746
0.42	5.72e-06	-46635.8413793
0.42	5.8e-06	-46899.3204419
0.42	5.88e-06	-46630.1150004
0.42	5.96e-06	-47121.7262355
0.42	6.04e-06	-46221.8100571
0.42	6.12e-06	-46761.4817755
0.42	6.2e-06	-45805.1578755
0.42	6.28e-06	-46505.5762787
0.42	6.36e-06	-45582.2458445
0.42	6.44e-06	-45568.5811495
0.42	6.52e-06	-45345.3373206
0.42	6.6e-06	-45149.9001012
0.42	6.68e-06	-44869.8820299
0.42	6.76e-06	-45901.099607
0.42	6.84e-06	-46203.380829
0.42	6.92e-06	-45110.3022254
0.48	3e-06	-51086.6572909
0.48	3.08e-06	-50989.8614053
0.48	3.16e-06	-50834.7747466
0.48	3.24e-06	-50748.8243115
0.48	3.32e-06	-50740.202037
0.48	3.4e-06	-50611.1181357
0.48	3.48e-06	-50536.6702793
0.48	3.56e-06	-50381.1569399
0.48	3.64e-06	-50318.1890347
0.48	3.72e-06	-49859.2871544
0.48	3.8e-06	-49887.5371023
0.48	3.88e-06	-49679.6194038
0.48	3.96e-06	-49689.6143652
0.48	4.04e-06	-49331.4352356
0.48	4.12e-06	-49268.6104612
0.48	4.2e-06	-49209.3284093
0.48	4.28e-06	-49058.7166075
0.48	4.36e-06	-48898.4246164
0.48	4.44e-06	-48801.2878687
0.48	4.52e-06	-48568.8379563
0.48	4.6e-06	-48627.7458357
0.48	4.68e-06	-48289.6448689
0.48	4.76e-06	-48072.7708254
0.48	4.84e-06	-48089.5560085
0.48	4.92e-06	-47830.9067109
0.48	5e-06	-47842.8184935
0.48	5.08e-06	-47808.1728392
0.48	5.16e-06	-47021.2811519
0.48	5.24e-06	-47385.4984841
0.48	5.32e-06	-46867.0431636
0.48	5.4e-06	-46677.7345327
0.48	5.48e-06	-46924.7027651
0.48	5.56e-06	-46926.0776281
0.48	5.64e-06	-46506.0406815
0.48	5.72e-06	-46178.5696527
0.48	5.8e-06	-45975.8794729
0.48	5.88e-06	-45933.4125747
0.48	5.96e-06	-45300.7751888
0.48	6.04e-06	-46510.6854571
0.48	6.12e-06	-45313.1965452
0.48	6.2e-06	-46071.689695
0.48	6.28e-06	-45649.7996711
0.48	6.36e-06	-46951.8219386
0.48	6.44e-06	-46753.7815535
0.48	6.52e-06	-44314.1093599
0.48	6.6e-06	-44429.5373129
0.48	6.68e-06	-44067.6899444
0.48	6.76e-06	-45745.3477933
0.48	6.84e-06	-43842.7548934
0.48	6.92e-06	-43936.183061
0.54	3e-06	-50847.5320306
0.54	3.08e-06	-50686.643117
0.54	3.16e-06	-50736.9720915
0.54	3.24e-06	-50554.8756944
0.54	3.32e-06	-50335.0952831
0.54	3.4e-06	-50199.9449266
0.54	3.48e-06	-50127.0447549
0.54	3.56e-06	-49993.0670752
0.54	3.64e-06	-49805.8951234
0.54	3.72e-06	-49616.2777392
0.54	3.8e-06	-49379.3764028
0.54	3.88e-06	-49390.0195207
0.54	3.96e-06	-49424.8031863
0.54	4.04e-06	-49120.3012908
0.54	4.12e-06	-48933.1298803
0.54	4.2e-06	-49074.9596892
0.54	4.28e-06	-48495.7454379
0.54	4.36e-06	-48315.1060397
0.54	4.44e-06	-48169.3438092
0.54	4.52e-06	-48225.0185278
0.54	4.6e-06	-48056.4008896
0.54	4.68e-06	-47633.1109969
0.54	4.76e-06	-47296.4791325
0.54	4.84e-06	-47316.0254473
0.54	4.92e-06	-47492.9435646
0.54	5e-06	-47278.5719493
0.54	5.08e-06	-46741.3098488
0.54	5.16e-06	-46557.6482602
0.54	5.24e-06	-46233.9433854
0.54	5.32e-06	-46556.838929
0.54	5.4e-06	-46456.7309176
0.54	5.48e-06	-45864.2538067
0.54	5.56e-06	-46985.4592331
0.54	5.64e-06	-45519.0771271
0.54	5.72e-06	-46341.3911638
0.54	5.8e-06	-45728.2583965
0.54	5.88e-06	-45351.1740857
0.54	5.96e-06	-45760.6292785
0.54	6.04e-06	-47585.3926932
0.54	6.12e-06	-44759.8898408
0.54	6.2e-06	-45012.5691795
0.54	6.28e-06	-43919.1319048
0.54	6.36e-06	-43633.1237049
0.54	6.44e-06	-44086.6458355
0.54	6.52e-06	-44232.7565412
0.54	6.6e-06	-44064.8698261
0.54	6.68e-06	-47229.7108334
0.54	6.76e-06	-43958.130179
0.54	6.84e-06	-42392.9954114
0.54	6.92e-06	-44896.6476565
0.6	3e-06	-50658.3947123
0.6	3.08e-06	-50408.9153711
0.6	3.16e-06	-50302.4493616
0.6	3.24e-06	-50283.4320786
0.6	3.32e-06	-49997.5972241
0.6	3.4e-06	-49808.8138161
0.6	3.48e-06	-49857.1014182
0.6	3.56e-06	-49508.5363692
0.6	3.64e-06	-49288.8720024
0.6	3.72e-06	-49271.6558538
0.6	3.8e-06	-49089.5489597
0.6	3.88e-06	-48888.9564276
0.6	3.96e-06	-48844.2288094
0.6	4.04e-06	-48708.2829363
0.6	4.12e-06	-48647.2632975
0.6	4.2e-06	-48450.9868572
0.6	4.28e-06	-47960.632266
0.6	4.36e-06	-47834.767555
0.6	4.44e-06	-47636.170465
0.6	4.52e-06	-47756.0756299
0.6	4.6e-06	-47270.2754711
0.6	4.68e-06	-47302.2565065
0.6	4.76e-06	-46834.2641143
0.6	4.84e-06	-46792.8404948
0.6	4.92e-06	-46537.2651166
0.6	5e-06	-46432.3199936
0.6	5.08e-06	-45937.2956669
0.6	5.16e-06	-46094.4613319
0.6	5.24e-06	-46607.4942328
0.6	5.32e-06	-45840.2677397
0.6	5.4e-06	-45494.3435168
0.6	5.48e-06	-45544.5495011
0.6	5.56e-06	-45734.2359355
0.6	5.64e-06	-45055.2326398
0.6	5.72e-06	-45851.7127405
0.6	5.8e-06	-45106.5156853
0.6	5.88e-06	-44297.4943196
0.6	5.96e-06	-44499.8414206
0.6	6.04e-06	-44735.3730842
0.6	6.12e-06	-43693.0999341
0.6	6.2e-06	-44252.4905258
0.6	6.28e-06	-45443.7590984
0.6	6.36e-06	-43477.7906672
0.6	6.44e-06	-43759.7772008
0.6	6.52e-06	-43291.4322502
0.6	6.6e-06	-44336.1240021
0.6	6.68e-06	-41292.0265272
0.6	6.76e-06	-42190.2749692
0.6	6.84e-06	-43772.0407819
0.6	6.92e-06	-41876.3186306
0.66	3e-06	-50285.5796172
0.66	3.08e-06	-50238.2726488
0.66	3.16e-06	-50036.3772233
0.66	3.24e-06	-49790.7381667
0.66	3.32e-06	-49750.3626998
0.66	3.4e-06	-49538.1200877
0.66	3.48e-06	-49532.1681606
0.66	3.56e-06	-49177.8653511
0.66	3.64e-06	-49014.5107444
0.66	3.72e-06	-48958.7817614
0.66	3.8e-06	-48956.584753
0.66	3.88e-06	-48723.5578707
0.66	3.96e-06	-48358.2334316
0.66	4.04e-06	-48385.0209646
0.66	4.12e-06	-47991.872139
0.66	4.2e-06	-47503.2046558
0.66	4.28e-06	-47576.2430545
0.66	4.36e-06	-47264.1373277
0.66	4.44e-06	-47034.5057964
0.66	4.52e-06	-48183.4284205
0.66	4.6e-06	-46869.3714946
0.66	4.68e-06	-46717.4108003
0.66	4.76e-06	-46556.9244197
0.66	4.84e-06	-46712.4932011
0.66	4.92e-06	-46207.7955423
0.66	5e-06	-45856.6360271
0.66	5.08e-06	-45856.6509013
0.66	5.16e-06	-46239.5065559
0.66	5.24e-06	-45089.088948
0.66	5.32e-06	-44612.915099
0.66	5.4e-06	-44921.4588058
0.66	5.48e-06	-44951.2824652
0.66	5.56e-06	-45495.878591
0.66	5.64e-06	-44326.2336212
0.66	5.72e-06	-45104.1370665
0.66	5.8e-06	-43443.9875396
0.66	5.88e-06	-43041.3363886
0.66	5.96e-06	-44617.6197219
0.66	6.04e-06	-43879.5056606
0.66	6.12e-06	-43098.4783657
0.66	6.2e-06	-43159.4878688
0.66	6.28e-06	-44924.6442598
0.66	6.36e-06	-42719.8312914
0.66	6.44e-06	-41854.2307097
0.66	6.52e-06	-46354.9417518
0.66	6.6e-06	-46355.8874348
0.66	6.68e-06	-44134.057793
0.66	6.76e-06	-44012.927662
0.66	6.84e-06	-41781.27716
0.66	6.92e-06	-42664.8542134
0.72	3e-06	-50121.2961298
0.72	3.08e-06	-49933.5092753
0.72	3.16e-06	-49886.4351721
0.72	3.24e-06	-49674.0970611
0.72	3.32e-06	-49744.972229
0.72	3.4e-06	-49153.7015911
0.72	3.48e-06	-49146.9205853
0.72	3.56e-06	-48796.0055346
0.72	3.64e-06	-48896.2037009
0.72	3.72e-06	-48614.5351576
0.72	3.8e-06	-48323.2708473
0.72	3.88e-06	-48251.8295021
0.72	3.96e-06	-47930.4166269
0.72	4.04e-06	-47527.9606453
0.72	4.12e-06	-47290.2723017
0.72	4.2e-06	-47613.5585982
0.72	4.28e-06	-47215.7619927
0.72	4.36e-06	-47207.8955008
0.72	4.44e-06	-46686.5596342
0.72	4.52e-06	-46801.7109315
0.72	4.6e-06	-46591.9922014
0.72	4.68e-06	-46691.3903818
0.72	4.76e-06	-46006.7936636
0.72	4.84e-06	-45774.0469495
0.72	4.92e-06	-45293.7695809
0.72	5e-06	-48129.1095807
0.72	5.08e-06	-45684.22622
0.72	5.16e-06	-44783.2299884
0.72	5.24e-06	-45434.251612
0.72	5.32e-06	-44971.4216856
0.72	5.4e-06	-44815.5769473
0.72	5.48e-06	-47734.5438102
0.72	5.56e-06	-43992.2405858
0.72	5.64e-06	-47184.5748864
0.72	5.72e-06	-42627.9582935
0.72	5.8e-06	-45488.4056425
0.72	5.88e-06	-44032.0612855
0.72	5.96e-06	-43577.2036876
0.72	6.04e-06	-42807.0678079
0.72	6.12e-06	-43512.1326465
0.72	6.2e-06	-43177.1346499
0.72	6.28e-06	-45796.3951425
0.72	6.36e-06	-42704.5637305
0.72	6.44e-06	-42734.7905267
0.72	6.52e-06	-42232.1865488
0.72	6.6e-06	-42750.5086959
0.72	6.68e-06	-40414.2245727
0.72	6.76e-06	-44130.3892039
0.72	6.84e-06	-41168.5840699
0.72	6.92e-06	-43824.113676
0.78	3e-06	-49733.0223099
0.78	3.08e-06	-49614.7184517
0.78	3.16e-06	-49488.5485335
0.78	3.24e-06	-49165.8293546
0.78	3.32e-06	-49057.2265245
0.78	3.4e-06	-48983.726108
0.78	3.48e-06	-48865.9952708
0.78	3.56e-06	-48828.7275479
0.78	3.64e-06	-48309.2614221
0.78	3.72e-06	-48332.937849
0.78	3.8e-06	-48127.8657314
0.78	3.88e-06	-47482.3749202
0.78	3.96e-06	-47366.9432508
0.78	4.04e-06	-47834.9788688
0.78	4.12e-06	-47164.7695648
0.78	4.2e-06	-46813.4189682
0.78	4.28e-06	-47038.9271615
0.78	4.36e-06	-46641.9426932
0.78	4.44e-06	-46695.436136
0.78	4.52e-06	-46267.4768165
0.78	4.6e-06	-45330.4832524
0.78	4.68e-06	-45598.4193682
0.78	4.76e-06	-46070.8789821
0.78	4.84e-06	-46170.6927455
0.78	4.92e-06	-45319.0712358
0.78	5e-06	-45175.9167319
0.78	5.08e-06	-45050.7299983
0.78	5.16e-06	-44179.3104791
0.78	5.24e-06	-44212.1828534
0.78	5.32e-06	-43615.6359332
0.78	5.4e-06	-43166.1012129
0.78	5.48e-06	-43925.020387
0.78	5.56e-06	-44840.8975502
0.78	5.64e-06	-43941.8597495
0.78	5.72e-06	-43932.0991836
0.78	5.8e-06	-42497.0061157
0.78	5.88e-06	-44474.5443183
0.78	5.96e-06	-41846.9608754
0.78	6.04e-06	-44543.0318391
0.78	6.12e-06	-41894.0039663
0.78	6.2e-06	-41299.5081268
0.78	6.28e-06	-45550.3786122
0.78	6.36e-06	-43200.7610391
0.78	6.44e-06	-40437.9065706
0.78	6.52e-06	-41959.6259081
0.78	6.6e-06	-42512.6963199
0.78	6.68e-06	-45277.2761372
0.78	6.76e-06	-42773.2647295
0.78	6.84e-06	-41722.8174143
0.78	6.92e-06	-40475.1605284
0.84	3e-06	-49525.383318
0.84	3.08e-06	-49586.6954965
0.84	3.16e-06	-49209.2903007
0.84	3.24e-06	-49126.7739337
0.84	3.32e-06	-48982.9248607
0.84	3.4e-06	-48678.3175362
0.84	3.48e-06	-48609.9483518
0.84	3.56e-06	-48342.465192
0.84	3.64e-06	-47942.0061969
0.84	3.72e-06	-47455.5500753
0.84	3.8e-06	-48439.1270972
0.84	3.88e-06	-47254.9407944
0.84	3.96e-06	-46885.2319335
0.84	4.04e-06	-46738.6639256
0.84	4.12e-06	-46541.1613573
0.84	4.2e-06	-47020.3421708
0.84	4.28e-06	-46401.944719
0.84	4.36e-06	-46231.4061585
0.84	4.44e-06	-45990.3976027
0.84	4.52e-06	-45084.5866792
0.84	4.6e-06	-45674.8196614
0.84	4.68e-06	-45297.0063472
0.84	4.76e-06	-45161.2842613
0.84	4.84e-06	-45079.5777641
0.84	4.92e-06	-45096.5901181
0.84	5e-06	-45579.6452766
0.84	5.08e-06	-45646.0970304
0.84	5.16e-06	-46143.0930967
0.84	5.24e-06	-43746.3448492
0.84	5.32e-06	-44532.8009728
0.84	5.4e-06	-44305.4302887
0.84	5.48e-06	-42997.2049556
0.84	5.56e-06	-44231.1911148
0.84	5.64e-06	-44870.8513497
0.84	5.72e-06	-43238.5304028
0.84	5.8e-06	-41309.6974981
0.84	5.88e-06	-42989.1911989
0.84	5.96e-06	-41764.0542655
0.84	6.04e-06	-42409.8880044
0.84	6.12e-06	-41512.0818753
0.84	6.2e-06	-42298.5548807
0.84	6.28e-06	-41370.8169343
0.84	6.36e-06	-43158.5130488
0.84	6.44e-06	-43715.0029488
0.84	6.52e-06	-46375.2928049
0.84	6.6e-06	-42785.2986477
0.84	6.68e-06	-42229.0021293
0.84	6.76e-06	-42260.2654224
0.84	6.84e-06	-40117.8758549
0.84	6.92e-06	-43253.6984769
0.9	3e-06	-49210.5664893
0.9	3.08e-06	-49188.8877709
0.9	3.16e-06	-48997.0670881
0.9	3.24e-06	-48860.630402
0.9	3.32e-06	-48710.218303
0.9	3.4e-06	-48469.5148264
0.9	3.48e-06	-48115.054254
0.9	3.56e-06	-48004.7226518
0.9	3.64e-06	-47587.8043399
0.9	3.72e-06	-47478.8013675
0.9	3.8e-06	-47303.4414576
0.9	3.88e-06	-47172.4556216
0.9	3.96e-06	-46755.2332732
0.9	4.04e-06	-46635.2795899
0.9	4.12e-06	-46509.8179366
0.9	4.2e-06	-46726.6986063
0.9	4.28e-06	-46238.1717066
0.9	4.36e-06	-45744.5720273
0.9	4.44e-06	-45278.5381465
0.9	4.52e-06	-44923.3705731
0.9	4.6e-06	-45166.1897502
0.9	4.68e-06	-44939.0341448
0.9	4.76e-06	-45623.9437126
0.9	4.84e-06	-43595.8051108
0.9	4.92e-06	-45316.8638689
0.9	5e-06	-44009.9832628
0.9	5.08e-06	-43191.6817958
0.9	5.16e-06	-45321.3241788
0.9	5.24e-06	-44937.3325413
0.9	5.32e-06	-45227.0938278
0.9	5.4e-06	-43323.9622396
0.9	5.48e-06	-43490.4258775
0.9	5.56e-06	-43302.579164
0.9	5.64e-06	-41471.56798
0.9	5.72e-06	-42228.5514233
0.9	5.8e-06	-42167.1411805
0.9	5.88e-06	-43547.8149149
0.9	5.96e-06	-42962.676756
0.9	6.04e-06	-45360.2674101
0.9	6.12e-06	-42504.3025131
0.9	6.2e-06	-42983.1426229
0.9	6.28e-06	-41463.7077029
0.9	6.36e-06	-44497.201198
0.9	6.44e-06	-38886.8256565
0.9	6.52e-06	-41926.8310232
0.9	6.6e-06	-41268.2572989
0.9	6.68e-06	-43882.4714634
0.9	6.76e-06	-43344.8860708
0.9	6.84e-06	-41840.4347989
0.9	6.92e-06	-46579.2857412
0.96	3e-06	-49316.3259253
0.96	3.08e-06	-49059.6399499
0.96	3.16e-06	-48977.9068097
0.96	3.24e-06	-48835.4119879
0.96	3.32e-06	-48371.0830142
0.96	3.4e-06	-47997.7378077
0.96	3.48e-06	-47788.2494441
0.96	3.56e-06	-47388.0587802
0.96	3.64e-06	-47808.147073
0.96	3.72e-06	-48110.9756287
0.96	3.8e-06	-47313.7613569
0.96	3.88e-06	-46944.1223047
0.96	3.96e-06	-46917.5752733
0.96	4.04e-06	-46308.6140433
0.96	4.12e-06	-46132.0977087
0.96	4.2e-06	-46145.5753307
0.96	4.28e-06	-46212.4186104
0.96	4.36e-06	-45223.084297
0.96	4.44e-06	-46036.1431514
0.96	4.52e-06	-45373.7719484
0.96	4.6e-06	-44900.0322981
0.96	4.68e-06	-44675.0811037
0.96	4.76e-06	-45305.185674
0.96	4.84e-06	-43179.6331716
0.96	4.92e-06	-45995.5272683
0.96	5e-06	-43329.3104076
0.96	5.08e-06	-43187.6809913
0.96	5.16e-06	-44074.884474
0.96	5.24e-06	-44342.8523013
0.96	5.32e-06	-44707.123412
0.96	5.4e-06	-43025.6355755
0.96	5.48e-06	-43088.8600422
0.96	5.56e-06	-45472.9508088
0.96	5.64e-06	-41680.9836767
0.96	5.72e-06	-46043.5158831
0.96	5.8e-06	-42054.3210212
0.96	5.88e-06	-42544.9967412
0.96	5.96e-06	-42754.4164395
0.96	6.04e-06	-44926.7392114
0.96	6.12e-06	-45452.4803997
0.96	6.2e-06	-41158.7187553
0.96	6.28e-06	-44141.2364382
0.96	6.36e-06	-41384.0714853
0.96	6.44e-06	-42303.7266368
0.96	6.52e-06	-41016.9578022
0.96	6.6e-06	-44183.1809216
0.96	6.68e-06	-42447.9403604
0.96	6.76e-06	-43031.47187
0.96	6.84e-06	-44775.5625176
0.96	6.92e-06	-44778.9113204
1.02	3e-06	-48930.0394493
1.02	3.08e-06	-48679.8201157
1.02	3.16e-06	-48569.4129808
1.02	3.24e-06	-48829.9222996
1.02	3.32e-06	-48692.7866478
1.02	3.4e-06	-47961.2371075
1.02	3.48e-06	-47423.6818305
1.02	3.56e-06	-47359.9599151
1.02	3.64e-06	-46948.2570431
1.02	3.72e-06	-46718.3492784
1.02	3.8e-06	-46726.92483
1.02	3.88e-06	-46991.9658284
1.02	3.96e-06	-45882.1515872
1.02	4.04e-06	-45344.2791524
1.02	4.12e-06	-46063.2512971
1.02	4.2e-06	-45026.5426232
1.02	4.28e-06	-45342.8407086
1.02	4.36e-06	-45121.5316838
1.02	4.44e-06	-45196.5204496
1.02	4.52e-06	-44765.2366786
1.02	4.6e-06	-44745.3884448
1.02	4.68e-06	-43865.3789369
1.02	4.76e-06	-44347.1224215
1.02	4.84e-06	-43473.1790058
1.02	4.92e-06	-43551.9873671
1.02	5e-06	-41384.8887593
1.02	5.08e-06	-44512.7900039
1.02	5.16e-06	-42536.5101428
1.02	5.24e-06	-45918.2353428
1.02	5.32e-06	-42594.4871627
1.02	5.4e-06	-44494.208965
1.02	5.48e-06	-41803.1698865
1.02	5.56e-06	-41303.9347955
1.02	5.64e-06	-42210.4298748
1.02	5.72e-06	-45510.3262896
1.02	5.8e-06	-41969.7441869
1.02	5.88e-06	-45296.4210793
1.02	5.96e-06	-41949.4379638
1.02	6.04e-06	-45927.128804
1.02	6.12e-06	-43132.3608586
1.02	6.2e-06	-41985.798693
1.02	6.28e-06	-42377.0239279
1.02	6.36e-06	-43986.4244625
1.02	6.44e-06	-42378.3368338
1.02	6.52e-06	-44079.0875164
1.02	6.6e-06	-41770.2831774
1.02	6.68e-06	-44068.745046
1.02	6.76e-06	-45047.5635735
1.02	6.84e-06	-44592.9956329
1.02	6.92e-06	-43400.5235464
1.08	3e-06	-48615.527344
1.08	3.08e-06	-48291.7274122
1.08	3.16e-06	-48290.1052351
1.08	3.24e-06	-48083.5693049
1.08	3.32e-06	-47666.5019237
1.08	3.4e-06	-46886.5167667
1.08	3.48e-06	-47122.1563171
1.08	3.56e-06	-46963.0447195
1.08	3.64e-06	-46535.5247472
1.08	3.72e-06	-47407.2301744
1.08	3.8e-06	-45421.3862483
1.08	3.88e-06	-45903.248231
1.08	3.96e-06	-45810.7484051
1.08	4.04e-06	-46016.8478592
1.08	4.12e-06	-45657.8052651
1.08	4.2e-06	-45282.0600308
1.08	4.28e-06	-44928.8064038
1.08	4.36e-06	-46304.8148632
1.08	4.44e-06	-45388.2218346
1.08	4.52e-06	-45954.218027
1.08	4.6e-06	-45005.1027044
1.08	4.68e-06	-44285.8270527
1.08	4.76e-06	-44344.8535964
1.08	4.84e-06	-42986.4637862
1.08	4.92e-06	-41789.9174662
1.08	5e-06	-43826.8085512
1.08	5.08e-06	-46026.5164069
1.08	5.16e-06	-42780.8434423
1.08	5.24e-06	-43723.1899026
1.08	5.32e-06	-41067.025006
1.08	5.4e-06	-42159.3297478
1.08	5.48e-06	-44387.3401256
1.08	5.56e-06	-42034.4282674
1.08	5.64e-06	-44070.7830532
1.08	5.72e-06	-38851.4642262
1.08	5.8e-06	-42818.1753001
1.08	5.88e-06	-41424.7393036
1.08	5.96e-06	-44047.9560196
1.08	6.04e-06	-42196.8475504
1.08	6.12e-06	-41800.7197177
1.08	6.2e-06	-41084.1822133
1.08	6.28e-06	-42196.4601382
1.08	6.36e-06	-45228.1352123
1.08	6.44e-06	-42502.2122526
1.08	6.52e-06	-42421.6468762
1.08	6.6e-06	-42685.5097362
1.08	6.68e-06	-43135.1541223
1.08	6.76e-06	-42722.6186931
1.08	6.84e-06	-43277.6823821
1.08	6.92e-06	-46827.9180925
1.14	3e-06	-48348.7456631
1.14	3.08e-06	-48225.7879277
1.14	3.16e-06	-47956.2471973
1.14	3.24e-06	-47709.9359889
1.14	3.32e-06	-47255.0492594
1.14	3.4e-06	-47223.6843374
1.14	3.48e-06	-47207.0265573
1.14	3.56e-06	-46710.6148627
1.14	3.64e-06	-46502.9218535
1.14	3.72e-06	-47392.9794885
1.14	3.8e-06	-45843.260562
1.14	3.88e-06	-44968.3825885
1.14	3.96e-06	-45211.9938323
1.14	4.04e-06	-47097.5737946
1.14	4.12e-06	-45034.3968789
1.14	4.2e-06	-45609.0211543
1.14	4.28e-06	-44575.7438387
1.14	4.36e-06	-44796.2779767
1.14	4.44e-06	-45428.8346056
1.14	4.52e-06	-45261.7283331
1.14	4.6e-06	-43532.4677502
1.14	4.68e-06	-42934.0643539
1.14	4.76e-06	-43479.8904948
1.14	4.84e-06	-41964.4699965
1.14	4.92e-06	-41622.2032273
1.14	5e-06	-40226.4285853
1.14	5.08e-06	-42799.6243605
1.14	5.16e-06	-44653.0306953
1.14	5.24e-06	-42158.4721576
1.14	5.32e-06	-43761.4784168
1.14	5.4e-06	-38904.5452205
1.14	5.48e-06	-43108.7076307
1.14	5.56e-06	-43598.3486034
1.14	5.64e-06	-41497.0407718
1.14	5.72e-06	-42666.7363954
1.14	5.8e-06	-43984.6486651
1.14	5.88e-06	-42852.5500168
1.14	5.96e-06	-41355.6535056
1.14	6.04e-06	-43106.5707817
1.14	6.12e-06	-42189.5670631
1.14	6.2e-06	-43856.1559154
1.14	6.28e-06	-44282.5257123
1.14	6.36e-06	-44682.5942349
1.14	6.44e-06	-45073.06722
1.14	6.52e-06	-45346.4949869
1.14	6.6e-06	-41959.3627078
1.14	6.68e-06	-42590.4419975
1.14	6.76e-06	-44526.4387729
1.14	6.84e-06	-43956.9257177
1.14	6.92e-06	-43011.1657548
1.2	3e-06	-48289.2440111
1.2	3.08e-06	-47969.0698345
1.2	3.16e-06	-47743.408929
1.2	3.24e-06	-47440.4599848
1.2	3.32e-06	-46780.1313958
1.2	3.4e-06	-47043.6588519
1.2	3.48e-06	-46518.9145749
1.2	3.56e-06	-46017.698762
1.2	3.64e-06	-46103.9673985
1.2	3.72e-06	-45940.5659691
1.2	3.8e-06	-45819.2084109
1.2	3.88e-06	-45470.9486979
1.2	3.96e-06	-45815.2717198
1.2	4.04e-06	-44909.9079956
1.2	4.12e-06	-44455.538767
1.2	4.2e-06	-44989.7214525
1.2	4.28e-06	-45694.4760679
1.2	4.36e-06	-43923.403885
1.2	4.44e-06	-44820.6754392
1.2	4.52e-06	-43577.3714117
1.2	4.6e-06	-46107.1474326
1.2	4.68e-06	-44202.9908408
1.2	4.76e-06	-42127.6894776
1.2	4.84e-06	-42441.2101816
1.2	4.92e-06	-42540.4454494
1.2	5e-06	-43151.8377732
1.2	5.08e-06	-44750.0810711
1.2	5.16e-06	-40621.9417678
1.2	5.24e-06	-42178.6223042
1.2	5.32e-06	-45155.3409393
1.2	5.4e-06	-44838.8025363
1.2	5.48e-06	-43086.8342583
1.2	5.56e-06	-43112.3609787
1.2	5.64e-06	-41319.382635
1.2	5.72e-06	-43299.4560086
1.2	5.8e-06	-44991.8986576
1.2	5.88e-06	-41896.4369479
1.2	5.96e-06	-42481.8783
1.2	6.04e-06	-43055.6996334
1.2	6.12e-06	-41986.9886339
1.2	6.2e-06	-41280.6231853
1.2	6.28e-06	-46100.113631
1.2	6.36e-06	-44311.7491194
1.2	6.44e-06	-43163.7765331
1.2	6.52e-06	-42773.1723752
1.2	6.6e-06	-42877.4683779
1.2	6.68e-06	-45752.6769611
1.2	6.76e-06	-44977.3221785
1.2	6.84e-06	-44857.5563043
1.2	6.92e-06	-46268.9778996
1.26	3e-06	-48020.0167156
1.26	3.08e-06	-47588.8280034
1.26	3.16e-06	-47476.4911899
1.26	3.24e-06	-46914.5688555
1.26	3.32e-06	-46937.3927734
1.26	3.4e-06	-46683.4893822
1.26	3.48e-06	-46337.8402244
1.26	3.56e-06	-46009.5992689
1.26	3.64e-06	-45656.4901199
1.26	3.72e-06	-45506.2156393
1.26	3.8e-06	-46131.4595102
1.26	3.88e-06	-46657.9232432
1.26	3.96e-06	-44430.2118231
1.26	4.04e-06	-45507.8910224
1.26	4.12e-06	-46657.5692405
1.26	4.2e-06	-47136.7123109
1.26	4.28e-06	-43730.9046413
1.26	4.36e-06	-42338.9785781
1.26	4.44e-06	-43426.032677
1.26	4.52e-06	-43174.8247626
1.26	4.6e-06	-44792.8540368
1.26	4.68e-06	-42499.1490867
1.26	4.76e-06	-43968.9677125
1.26	4.84e-06	-42983.4122694
1.26	4.92e-06	-41160.4275325
1.26	5e-06	-43104.9590738
1.26	5.08e-06	-43139.0482536
1.26	5.16e-06	-42786.4259181
1.26	5.24e-06	-44006.7800372
1.26	5.32e-06	-42087.0695105
1.26	5.4e-06	-43679.1286071
1.26	5.48e-06	-43075.4415933
1.26	5.56e-06	-42827.3084492
1.26	5.64e-06	-41345.2963623
1.26	5.72e-06	-41655.4921347
1.26	5.8e-06	-44913.8912175
1.26	5.88e-06	-43275.7617504
1.26	5.96e-06	-41434.9156984
1.26	6.04e-06	-46246.4037331
1.26	6.12e-06	-44007.0648075
1.26	6.2e-06	-45373.1501237
1.26	6.28e-06	-42518.4710451
1.26	6.36e-06	-42430.2376694
1.26	6.44e-06	-44868.7561093
1.26	6.52e-06	-46504.8246257
1.26	6.6e-06	-45652.0005834
1.26	6.68e-06	-45167.265776
1.26	6.76e-06	-46047.8622612
1.26	6.84e-06	-44847.2290189
1.26	6.92e-06	-43705.9152959
1.32	3e-06	-48084.4862002
1.32	3.08e-06	-47156.1159207
1.32	3.16e-06	-46891.1798426
1.32	3.24e-06	-46952.5675912
1.32	3.32e-06	-46543.2745353
1.32	3.4e-06	-46347.3540111
1.32	3.48e-06	-45991.8369873
1.32	3.56e-06	-45091.8465738
1.32	3.64e-06	-45927.5230241
1.32	3.72e-06	-45234.4807486
1.32	3.8e-06	-45280.8890954
1.32	3.88e-06	-48552.2262756
1.32	3.96e-06	-46460.7714018
1.32	4.04e-06	-43837.9648674
1.32	4.12e-06	-45212.5941559
1.32	4.2e-06	-44892.8569779
1.32	4.28e-06	-44622.9908641
1.32	4.36e-06	-43245.1402957
1.32	4.44e-06	-45098.2023349
1.32	4.52e-06	-45530.0386345
1.32	4.6e-06	-44511.7816119
1.32	4.68e-06	-43459.0926761
1.32	4.76e-06	-43110.9791629
1.32	4.84e-06	-45271.896602
1.32	4.92e-06	-40698.7779908
1.32	5e-06	-42497.5621898
1.32	5.08e-06	-41812.579691
1.32	5.16e-06	-44343.4804522
1.32	5.24e-06	-42010.8353769
1.32	5.32e-06	-43336.3369332
1.32	5.4e-06	-41286.1410211
1.32	5.48e-06	-44625.1288973
1.32	5.56e-06	-43269.3369661
1.32	5.64e-06	-42202.2791181
1.32	5.72e-06	-43132.9480538
1.32	5.8e-06	-43388.8495063
1.32	5.88e-06	-42202.8440211
1.32	5.96e-06	-44968.3562792
1.32	6.04e-06	-43413.3400787
1.32	6.12e-06	-47243.1138911
1.32	6.2e-06	-43706.7778646
1.32	6.28e-06	-45896.249071
1.32	6.36e-06	-43815.7756222
1.32	6.44e-06	-44989.1016434
1.32	6.52e-06	-46014.297915
1.32	6.6e-06	-45358.6979934
1.32	6.68e-06	-44576.7595649
1.32	6.76e-06	-44345.7040397
1.32	6.84e-06	-46560.3409526
1.32	6.92e-06	-46021.4786788
1.38	3e-06	-48127.2410996
1.38	3.08e-06	-47111.1802512
1.38	3.16e-06	-46775.1379717
1.38	3.24e-06	-46394.8512579
1.38	3.32e-06	-46439.8723308
1.38	3.4e-06	-45896.4537587
1.38	3.48e-06	-45858.2995553
1.38	3.56e-06	-45924.1859583
1.38	3.64e-06	-45451.7425423
1.38	3.72e-06	-46386.3155219
1.38	3.8e-06	-45044.4173331
1.38	3.88e-06	-44053.2404998
1.38	3.96e-06	-44677.0073969
1.38	4.04e-06	-43798.5670019
1.38	4.12e-06	-43956.1519774
1.38	4.2e-06	-42133.3115062
1.38	4.28e-06	-42520.9747378
1.38	4.36e-06	-44387.5014903
1.38	4.44e-06	-44193.1689407
1.38	4.52e-06	-44525.230681
1.38	4.6e-06	-44410.59195
1.38	4.68e-06	-43446.408627
1.38	4.76e-06	-44899.1709427
1.38	4.84e-06	-42783.8622838
1.38	4.92e-06	-42058.0673681
1.38	5e-06	-43273.2601756
1.38	5.08e-06	-45535.5802005
1.38	5.16e-06	-42475.9324255
1.38	5.24e-06	-42451.9464772
1.38	5.32e-06	-38426.3525927
1.38	5.4e-06	-41333.4611436
1.38	5.48e-06	-43279.4939903
1.38	5.56e-06	-44844.4125998
1.38	5.64e-06	-43862.7093759
1.38	5.72e-06	-43083.4509618
1.38	5.8e-06	-46104.7473844
1.38	5.88e-06	-42633.3366093
1.38	5.96e-06	-44740.7702043
1.38	6.04e-06	-43404.9456269
1.38	6.12e-06	-45907.4081176
1.38	6.2e-06	-45226.0634471
1.38	6.28e-06	-44328.6038021
1.38	6.36e-06	-44369.1531342
1.38	6.44e-06	-44183.7523424
1.38	6.52e-06	-45056.9833732
1.38	6.6e-06	-44707.7186525
1.38	6.68e-06	-45396.7714133
1.38	6.76e-06	-44677.1478217
1.38	6.84e-06	-44393.5260609
1.38	6.92e-06	-47055.0646367
1.44	3e-06	-46819.1817442
1.44	3.08e-06	-47201.7850902
1.44	3.16e-06	-46895.8030973
1.44	3.24e-06	-47076.9198688
1.44	3.32e-06	-46572.6675158
1.44	3.4e-06	-45602.1565209
1.44	3.48e-06	-46047.7137314
1.44	3.56e-06	-45546.0748716
1.44	3.64e-06	-46198.8010827
1.44	3.72e-06	-45044.2532374
1.44	3.8e-06	-44371.5915376
1.44	3.88e-06	-44909.0695715
1.44	3.96e-06	-44911.9015832
1.44	4.04e-06	-43280.6224053
1.44	4.12e-06	-44931.3675345
1.44	4.2e-06	-43850.8339647
1.44	4.28e-06	-43450.2843125
1.44	4.36e-06	-46100.5895196
1.44	4.44e-06	-43545.8008924
1.44	4.52e-06	-45661.9120887
1.44	4.6e-06	-47312.9570018
1.44	4.68e-06	-40626.4665697
1.44	4.76e-06	-44245.0703155
1.44	4.84e-06	-43627.7359699
1.44	4.92e-06	-43014.1023575
1.44	5e-06	-41528.6233713
1.44	5.08e-06	-42008.5415431
1.44	5.16e-06	-45257.0432341
1.44	5.24e-06	-41661.6305869
1.44	5.32e-06	-37140.6924465
1.44	5.4e-06	-44254.2883712
1.44	5.48e-06	-41883.6240247
1.44	5.56e-06	-43626.2754122
1.44	5.64e-06	-43828.0088186
1.44	5.72e-06	-45361.528755
1.44	5.8e-06	-43472.4663359
1.44	5.88e-06	-41937.9634152
1.44	5.96e-06	-44829.4934025
1.44	6.04e-06	-45023.8277689
1.44	6.12e-06	-45597.5864902
1.44	6.2e-06	-42889.4415896
1.44	6.28e-06	-44919.5057234
1.44	6.36e-06	-45426.3861272
1.44	6.44e-06	-45971.3453873
1.44	6.52e-06	-43844.2522417
1.44	6.6e-06	-44948.2548248
1.44	6.68e-06	-44183.9783266
1.44	6.76e-06	-47757.9649144
1.44	6.84e-06	-46059.2027032
1.44	6.92e-06	-45376.3524633
1.5	3e-06	-47278.5719493
1.5	3.08e-06	-46883.9090067
1.5	3.16e-06	-47544.9189616
1.5	3.24e-06	-46456.7309176
1.5	3.32e-06	-45702.3311296
1.5	3.4e-06	-45186.9137305
1.5	3.48e-06	-45728.2583965
1.5	3.56e-06	-45072.9596001
1.5	3.64e-06	-44900.1075898
1.5	3.72e-06	-45012.5691795
1.5	3.8e-06	-44565.7369897
1.5	3.88e-06	-44969.9460106
1.5	3.96e-06	-44064.8698261
1.5	4.04e-06	-43939.7274808
1.5	4.12e-06	-42682.0447995
1.5	4.2e-06	-46003.8994824
1.5	4.28e-06	-43201.120945
1.5	4.36e-06	-46685.3695734
1.5	4.44e-06	-40831.6952018
1.5	4.52e-06	-42797.2356692
1.5	4.6e-06	-44026.7254114
1.5	4.68e-06	-43691.9763016
1.5	4.76e-06	-42859.5345921
1.5	4.84e-06	-43465.9421083
1.5	4.92e-06	-42890.6947937
1.5	5e-06	-20551.7408016
1.5	5.08e-06	-42842.619346
1.5	5.16e-06	-42181.7710567
1.5	5.24e-06	-41608.4780447
1.5	5.32e-06	-41789.4151386
1.5	5.4e-06	-44320.2994971
1.5	5.48e-06	-44761.5421345
1.5	5.56e-06	-43160.4156186
1.5	5.64e-06	-43362.2221806
1.5	5.72e-06	-43792.5626964
1.5	5.8e-06	-44909.7485755
1.5	5.88e-06	-46230.4033152
1.5	5.96e-06	-43778.177979
1.5	6.04e-06	-44858.5130165
1.5	6.12e-06	-45570.6164081
1.5	6.2e-06	-44102.515116
1.5	6.28e-06	-43982.4470783
1.5	6.36e-06	-44698.022146
1.5	6.44e-06	-47103.7786039
1.5	6.52e-06	-45581.6976434
1.5	6.6e-06	-47225.7083982
1.5	6.68e-06	-46182.5194064
1.5	6.76e-06	-45288.8751713
1.5	6.84e-06	-46708.8234603
1.5	6.92e-06	-46398.7770804
1.56	3e-06	-47100.9668235
1.56	3.08e-06	-46773.1619999
1.56	3.16e-06	-46454.23776
1.56	3.24e-06	-45488.831068
1.56	3.32e-06	-45869.0430153
1.56	3.4e-06	-45285.4926749
1.56	3.48e-06	-46817.9437709
1.56	3.56e-06	-44683.9565606
1.56	3.64e-06	-43551.605522
1.56	3.72e-06	-46605.0517131
1.56	3.8e-06	-44706.2181554
1.56	3.88e-06	-44550.1268074
1.56	3.96e-06	-43402.8370033
1.56	4.04e-06	-42682.9613349
1.56	4.12e-06	-44359.3272381
1.56	4.2e-06	-43101.828529
1.56	4.28e-06	-46089.0680704
1.56	4.36e-06	-44368.1273331
1.56	4.44e-06	-43185.2579924
1.56	4.52e-06	-41696.5909629
1.56	4.6e-06	-43520.4999339
1.56	4.68e-06	-41557.5096917
1.56	4.76e-06	-40283.7798056
1.56	4.84e-06	-42979.0758411
1.56	4.92e-06	-40513.8025729
1.56	5e-06	-39315.6686857
1.56	5.08e-06	-43246.4752407
1.56	5.16e-06	-38654.3585818
1.56	5.24e-06	-41131.1225301
1.56	5.32e-06	-44694.5832793
1.56	5.4e-06	-42982.1283746
1.56	5.48e-06	-46178.2202589
1.56	5.56e-06	-42802.2830487
1.56	5.64e-06	-44043.2062309
1.56	5.72e-06	-43228.318058
1.56	5.8e-06	-44529.9956056
1.56	5.88e-06	-45464.0912213
1.56	5.96e-06	-45973.1561502
1.56	6.04e-06	-44039.0505682
1.56	6.12e-06	-44739.2072583
1.56	6.2e-06	-43760.7976642
1.56	6.28e-06	-44922.9293297
1.56	6.36e-06	-46244.6636203
1.56	6.44e-06	-47172.5111678
1.56	6.52e-06	-47953.5549348
1.56	6.6e-06	-44886.6138756
1.56	6.68e-06	-47746.6675139
1.56	6.76e-06	-46122.1470704
1.56	6.84e-06	-46438.9739684
1.56	6.92e-06	-47146.7487801
1.62	3e-06	-46840.0619455
1.62	3.08e-06	-46458.9407714
1.62	3.16e-06	-46016.7326238
1.62	3.24e-06	-45652.578116
1.62	3.32e-06	-45582.9084174
1.62	3.4e-06	-45038.1013077
1.62	3.48e-06	-45116.6544473
1.62	3.56e-06	-45460.1958386
1.62	3.64e-06	-44431.6534582
1.62	3.72e-06	-44085.8323158
1.62	3.8e-06	-45947.4492672
1.62	3.88e-06	-43769.8923008
1.62	3.96e-06	-44574.4227414
1.62	4.04e-06	-43425.5792503
1.62	4.12e-06	-44045.5512842
1.62	4.2e-06	-46089.0731079
1.62	4.28e-06	-42157.7952693
1.62	4.36e-06	-43286.8135865
1.62	4.44e-06	-42160.9079734
1.62	4.52e-06	-45033.0372511
1.62	4.6e-06	-42243.2288792
1.62	4.68e-06	-41252.8349664
1.62	4.76e-06	-44883.647545
1.62	4.84e-06	-45148.4855818
1.62	4.92e-06	-40669.0365922
1.62	5e-06	-43179.5440421
1.62	5.08e-06	-43744.4131686
1.62	5.16e-06	-41483.4897089
1.62	5.24e-06	-43594.5313859
1.62	5.32e-06	-41646.621097
1.62	5.4e-06	-44911.9008363
1.62	5.48e-06	-44932.3749413
1.62	5.56e-06	-44619.9562056
1.62	5.64e-06	-44105.2796256
1.62	5.72e-06	-42657.8930904
1.62	5.8e-06	-44779.1430518
1.62	5.88e-06	-44374.2020874
1.62	5.96e-06	-44972.2707652
1.62	6.04e-06	-46262.9086451
1.62	6.12e-06	-46268.4690433
1.62	6.2e-06	-46709.2010065
1.62	6.28e-06	-45697.2951006
1.62	6.36e-06	-45424.177781
1.62	6.44e-06	-48505.2589408
1.62	6.52e-06	-47261.5481491
1.62	6.6e-06	-46078.8561199
1.62	6.68e-06	-45793.1953138
1.62	6.76e-06	-46563.4420668
1.62	6.84e-06	-46216.7626239
1.62	6.92e-06	-45974.879998
1.68	3e-06	-46503.2246783
1.68	3.08e-06	-46365.7736315
1.68	3.16e-06	-46057.6891204
1.68	3.24e-06	-47065.9562017
1.68	3.32e-06	-45408.197047
1.68	3.4e-06	-45964.5509088
1.68	3.48e-06	-45088.138044
1.68	3.56e-06	-44819.1149294
1.68	3.64e-06	-44209.4294262
1.68	3.72e-06	-44704.9447349
1.68	3.8e-06	-43241.5491798
1.68	3.88e-06	-43744.6247943
1.68	3.96e-06	-46279.6728783
1.68	4.04e-06	-44430.6141679
1.68	4.12e-06	-43072.6374713
1.68	4.2e-06	-43100.1805354
1.68	4.28e-06	-45318.2950566
1.68	4.36e-06	-42160.9071778
1.68	4.44e-06	-42964.0529792
1.68	4.52e-06	-41574.8992768
1.68	4.6e-06	-41913.3466025
1.68	4.68e-06	-41689.392371
1.68	4.76e-06	-41441.1876124
1.68	4.84e-06	-40853.3663163
1.68	4.92e-06	-42212.9869115
1.68	5e-06	-43155.3818761
1.68	5.08e-06	-44368.5956091
1.68	5.16e-06	-43684.6723097
1.68	5.24e-06	-43067.6995279
1.68	5.32e-06	-44139.7262933
1.68	5.4e-06	-43624.0308204
1.68	5.48e-06	-41104.3582748
1.68	5.56e-06	-44110.7941398
1.68	5.64e-06	-45548.218226
1.68	5.72e-06	-45151.2345868
1.68	5.8e-06	-43139.0866144
1.68	5.88e-06	-44260.3577932
1.68	5.96e-06	-47021.3095843
1.68	6.04e-06	-45586.0006228
1.68	6.12e-06	-44446.2868274
1.68	6.2e-06	-45448.6674022
1.68	6.28e-06	-46515.3173791
1.68	6.36e-06	-47013.7575385
1.68	6.44e-06	-46443.9702016
1.68	6.52e-06	-45822.3320442
1.68	6.6e-06	-46392.6765283
1.68	6.68e-06	-45627.3769996
1.68	6.76e-06	-46590.7455802
1.68	6.84e-06	-46357.6546142
1.68	6.92e-06	-46198.9565533
1.74	3e-06	-46604.51076
1.74	3.08e-06	-45198.7541045
1.74	3.16e-06	-45572.9579514
1.74	3.24e-06	-45127.6316412
1.74	3.32e-06	-44691.9179526
1.74	3.4e-06	-44501.1853981
1.74	3.48e-06	-45453.6210193
1.74	3.56e-06	-44336.6088318
1.74	3.64e-06	-44587.8674893
1.74	3.72e-06	-42529.4596231
1.74	3.8e-06	-42957.3029735
1.74	3.88e-06	-42948.2211277
1.74	3.96e-06	-42881.6083557
1.74	4.04e-06	-43777.5166325
1.74	4.12e-06	-43764.1535831
1.74	4.2e-06	-42173.0729531
1.74	4.28e-06	-42715.0150289
1.74	4.36e-06	-43101.0248634
1.74	4.44e-06	-42768.2472274
1.74	4.52e-06	-41913.3429865
1.74	4.6e-06	-41928.5847191
1.74	4.68e-06	-41804.7762245
1.74	4.76e-06	-43576.0306424
1.74	4.84e-06	-42095.2460203
1.74	4.92e-06	-44609.2469576
1.74	5e-06	-42309.7728243
1.74	5.08e-06	-41764.119011
1.74	5.16e-06	-44510.0783644
1.74	5.24e-06	-42757.1300712
1.74	5.32e-06	-43511.197766
1.74	5.4e-06	-44870.6918221
1.74	5.48e-06	-44114.095091
1.74	5.56e-06	-44089.6393343
1.74	5.64e-06	-46946.7541028
1.74	5.72e-06	-45099.7665313
1.74	5.8e-06	-45349.0143876
1.74	5.88e-06	-44093.3450807
1.74	5.96e-06	-44363.9366257
1.74	6.04e-06	-46778.9381499
1.74	6.12e-06	-46451.7574877
1.74	6.2e-06	-47314.4267969
1.74	6.28e-06	-46390.494451
1.74	6.36e-06	-46727.9892559
1.74	6.44e-06	-45667.2703422
1.74	6.52e-06	-46714.7307033
1.74	6.6e-06	-45587.0513636
1.74	6.68e-06	-46880.3315295
1.74	6.76e-06	-47427.805783
1.74	6.84e-06	-46253.6315893
1.74	6.92e-06	-46054.0852892
1.8	3e-06	-46231.313227
1.8	3.08e-06	-46061.5551638
1.8	3.16e-06	-45352.4482172
1.8	3.24e-06	-46294.9693129
1.8	3.32e-06	-44745.898017
1.8	3.4e-06	-44375.3550417
1.8	3.48e-06	-45280.3018863
1.8	3.56e-06	-43935.2587811
1.8	3.64e-06	-43137.8590975
1.8	3.72e-06	-43219.9107907
1.8	3.8e-06	-42970.6327282
1.8	3.88e-06	-42180.5662547
1.8	3.96e-06	-41751.7362314
1.8	4.04e-06	-42266.1148789
1.8	4.12e-06	-41701.5634973
1.8	4.2e-06	-43600.1620618
1.8	4.28e-06	-43158.746329
1.8	4.36e-06	-42652.5843822
1.8	4.44e-06	-45830.1201585
1.8	4.52e-06	-41678.7941273
1.8	4.6e-06	-42879.574644
1.8	4.68e-06	-43576.039625
1.8	4.76e-06	-43879.3799521
1.8	4.84e-06	-42208.502804
1.8	4.92e-06	-47443.6188446
1.8	5e-06	-44365.2634027
1.8	5.08e-06	-42350.2926733
1.8	5.16e-06	-45272.4113603
1.8	5.24e-06	-45691.8632777
1.8	5.32e-06	-46035.2295918
1.8	5.4e-06	-46203.345493
1.8	5.48e-06	-43941.1226121
1.8	5.56e-06	-45954.1215441
1.8	5.64e-06	-45369.2583227
1.8	5.72e-06	-44518.7419211
1.8	5.8e-06	-45600.5520788
1.8	5.88e-06	-44953.9649906
1.8	5.96e-06	-45747.8225718
1.8	6.04e-06	-45991.0700058
1.8	6.12e-06	-44417.7072756
1.8	6.2e-06	-45960.6745275
1.8	6.28e-06	-47583.7016666
1.8	6.36e-06	-48015.5363985
1.8	6.44e-06	-45716.230565
1.8	6.52e-06	-45692.1473772
1.8	6.6e-06	-46695.2118325
1.8	6.68e-06	-48582.1447218
1.8	6.76e-06	-46985.5134661
1.8	6.84e-06	-45979.7106749
1.8	6.92e-06	-49316.3334429
1.86	3e-06	-45741.8964142
1.86	3.08e-06	-45251.4035981
1.86	3.16e-06	-45053.4423162
1.86	3.24e-06	-45062.6459076
1.86	3.32e-06	-44955.3359363
1.86	3.4e-06	-44316.8424202
1.86	3.48e-06	-44032.5764543
1.86	3.56e-06	-44938.0404529
1.86	3.64e-06	-45492.5012318
1.86	3.72e-06	-42955.0309495
1.86	3.8e-06	-43585.8387221
1.86	3.88e-06	-44068.2332777
1.86	3.96e-06	-44640.5796839
1.86	4.04e-06	-43492.0747805
1.86	4.12e-06	-43876.4516636
1.86	4.2e-06	-42657.3741428
1.86	4.28e-06	-44556.804501
1.86	4.36e-06	-41100.7042545
1.86	4.44e-06	-41874.0111589
1.86	4.52e-06	-40524.3571386
1.86	4.6e-06	-41367.2329231
1.86	4.68e-06	-43300.7582963
1.86	4.76e-06	-42794.7891691
1.86	4.84e-06	-47439.1961686
1.86	4.92e-06	-39377.1071919
1.86	5e-06	-43591.457552
1.86	5.08e-06	-45063.7318328
1.86	5.16e-06	-44390.3821957
1.86	5.24e-06	-47130.465967
1.86	5.32e-06	-43206.4464164
1.86	5.4e-06	-44933.6705361
1.86	5.48e-06	-45948.9713792
1.86	5.56e-06	-44850.9206135
1.86	5.64e-06	-44965.9666475
1.86	5.72e-06	-46082.8149809
1.86	5.8e-06	-43427.3919201
1.86	5.88e-06	-47770.2936993
1.86	5.96e-06	-45227.3399526
1.86	6.04e-06	-44529.1310167
1.86	6.12e-06	-46679.463976
1.86	6.2e-06	-47979.0695307
1.86	6.28e-06	-44867.5804212
1.86	6.36e-06	-47395.5171139
1.86	6.44e-06	-46803.4989002
1.86	6.52e-06	-46983.1278143
1.86	6.6e-06	-46854.9535716
1.86	6.68e-06	-46987.9174354
1.86	6.76e-06	-46423.3024362
1.86	6.84e-06	-48950.5923521
1.86	6.92e-06	-46931.6466
1.92	3e-06	-45434.0991519
1.92	3.08e-06	-45652.7324809
1.92	3.16e-06	-46248.6076614
1.92	3.24e-06	-44974.3608871
1.92	3.32e-06	-44220.5101604
1.92	3.4e-06	-44159.9026596
1.92	3.48e-06	-45597.5077222
1.92	3.56e-06	-44334.7368886
1.92	3.64e-06	-44443.9146593
1.92	3.72e-06	-42570.429679
1.92	3.8e-06	-41806.5152745
1.92	3.88e-06	-44098.8849854
1.92	3.96e-06	-43386.8811922
1.92	4.04e-06	-44114.9970936
1.92	4.12e-06	-40553.3821216
1.92	4.2e-06	-41919.0447396
1.92	4.28e-06	-44651.9874868
1.92	4.36e-06	-41445.5676776
1.92	4.44e-06	-42085.1967761
1.92	4.52e-06	-43181.416263
1.92	4.6e-06	-42737.6422354
1.92	4.68e-06	-41957.9830377
1.92	4.76e-06	-41202.5922954
1.92	4.84e-06	-42946.9547881
1.92	4.92e-06	-43063.4971446
1.92	5e-06	-40517.5664863
1.92	5.08e-06	-43821.9059083
1.92	5.16e-06	-46039.8320292
1.92	5.24e-06	-42746.6160237
1.92	5.32e-06	-43977.3984306
1.92	5.4e-06	-45895.2997868
1.92	5.48e-06	-43711.571586
1.92	5.56e-06	-46593.4786597
1.92	5.64e-06	-44293.5498482
1.92	5.72e-06	-45564.2018121
1.92	5.8e-06	-44736.6105552
1.92	5.88e-06	-46960.4515312
1.92	5.96e-06	-44784.9368266
1.92	6.04e-06	-45851.2023503
1.92	6.12e-06	-46818.8349187
1.92	6.2e-06	-47660.0192429
1.92	6.28e-06	-46297.4176026
1.92	6.36e-06	-46574.2073001
1.92	6.44e-06	-45345.4280413
1.92	6.52e-06	-47120.7433028
1.92	6.6e-06	-46658.4537888
1.92	6.68e-06	-47823.2037092
1.92	6.76e-06	-47933.6082294
1.92	6.84e-06	-48471.0419255
1.92	6.92e-06	-47391.8618544
1.98	3e-06	-45318.9573272
1.98	3.08e-06	-44867.7569643
1.98	3.16e-06	-45768.6044619
1.98	3.24e-06	-44650.3678616
1.98	3.32e-06	-44149.7894685
1.98	3.4e-06	-45393.1396258
1.98	3.48e-06	-43217.5907488
1.98	3.56e-06	-43986.144025
1.98	3.64e-06	-43631.2024215
1.98	3.72e-06	-42427.4830773
1.98	3.8e-06	-45755.6532582
1.98	3.88e-06	-44044.5279845
1.98	3.96e-06	-42990.8284259
1.98	4.04e-06	-45246.6331047
1.98	4.12e-06	-40862.5494017
1.98	4.2e-06	-45011.280875
1.98	4.28e-06	-43938.4668515
1.98	4.36e-06	-40257.4968132
1.98	4.44e-06	-41992.3928659
1.98	4.52e-06	-44795.9362741
1.98	4.6e-06	-43547.5559583
1.98	4.68e-06	-44199.6838314
1.98	4.76e-06	-43690.5912392
1.98	4.84e-06	-43343.2968787
1.98	4.92e-06	-44094.2151682
1.98	5e-06	-43098.3875156
1.98	5.08e-06	-42736.1924515
1.98	5.16e-06	-42695.1141971
1.98	5.24e-06	-45762.7781415
1.98	5.32e-06	-43879.3600418
1.98	5.4e-06	-46506.1255869
1.98	5.48e-06	-45361.9642744
1.98	5.56e-06	-44672.4349899
1.98	5.64e-06	-46570.8653446
1.98	5.72e-06	-44233.3709316
1.98	5.8e-06	-46118.9128161
1.98	5.88e-06	-46841.9193351
1.98	5.96e-06	-47224.4032494
1.98	6.04e-06	-46920.7639417
1.98	6.12e-06	-46686.5676523
1.98	6.2e-06	-45146.8503004
1.98	6.28e-06	-48505.7883983
1.98	6.36e-06	-47215.4969052
1.98	6.44e-06	-47780.4132768
1.98	6.52e-06	-46428.2134179
1.98	6.6e-06	-46592.3676693
1.98	6.68e-06	-47429.9506206
1.98	6.76e-06	-47650.8549078
1.98	6.84e-06	-47371.8017418
1.98	6.92e-06	-47249.94739
2.04	3e-06	-45623.8872681
2.04	3.08e-06	-44187.1679271
2.04	3.16e-06	-46787.3458476
2.04	3.24e-06	-43866.0556402
2.04	3.32e-06	-45596.8732869
2.04	3.4e-06	-42484.2512979
2.04	3.48e-06	-44651.0289195
2.04	3.56e-06	-42475.4075354
2.04	3.64e-06	-42582.5555065
2.04	3.72e-06	-43967.5152545
2.04	3.8e-06	-45806.9487966
2.04	3.88e-06	-45061.0762159
2.04	3.96e-06	-42275.5722188
2.04	4.04e-06	-42558.6590856
2.04	4.12e-06	-42741.1530777
2.04	4.2e-06	-43791.4318844
2.04	4.28e-06	-44461.530522
2.04	4.36e-06	-42411.6961403
2.04	4.44e-06	-43434.1414897
2.04	4.52e-06	-42889.0243767
2.04	4.6e-06	-43709.3863461
2.04	4.68e-06	-41169.8955718
2.04	4.76e-06	-43828.3261619
2.04	4.84e-06	-46102.4881936
2.04	4.92e-06	-42477.9386751
2.04	5e-06	-44313.6184339
2.04	5.08e-06	-43856.6388198
2.04	5.16e-06	-44614.3072296
2.04	5.24e-06	-45748.4685728
2.04	5.32e-06	-44467.2584132
2.04	5.4e-06	-44887.0086469
2.04	5.48e-06	-45006.3061118
2.04	5.56e-06	-45714.674356
2.04	5.64e-06	-47137.814452
2.04	5.72e-06	-46720.2554086
2.04	5.8e-06	-46447.229237
2.04	5.88e-06	-47738.5059936
2.04	5.96e-06	-46646.8396006
2.04	6.04e-06	-47594.203235
2.04	6.12e-06	-47242.2261078
2.04	6.2e-06	-46484.4625959
2.04	6.28e-06	-47737.1121287
2.04	6.36e-06	-47703.487798
2.04	6.44e-06	-48795.8890055
2.04	6.52e-06	-46893.5477056
2.04	6.6e-06	-47337.0502845
2.04	6.68e-06	-48554.6868854
2.04	6.76e-06	-47331.9945358
2.04	6.84e-06	-48220.3136772
2.04	6.92e-06	-47935.1125482
2.1	3e-06	-47575.0788053
2.1	3.08e-06	-45390.8865051
2.1	3.16e-06	-45902.7500771
2.1	3.24e-06	-42660.6236722
2.1	3.32e-06	-43284.2213923
2.1	3.4e-06	-42595.5158386
2.1	3.48e-06	-43280.764595
2.1	3.56e-06	-46264.2131036
2.1	3.64e-06	-43054.6823342
2.1	3.72e-06	-41819.9923704
2.1	3.8e-06	-41804.2272631
2.1	3.88e-06	-43559.6817718
2.1	3.96e-06	-45091.6809619
2.1	4.04e-06	-41829.6600747
2.1	4.12e-06	-42266.146508
2.1	4.2e-06	-43449.907404
2.1	4.28e-06	-41820.9219675
2.1	4.36e-06	-40634.9129484
2.1	4.44e-06	-43194.6140685
2.1	4.52e-06	-43071.136656
2.1	4.6e-06	-42260.6684661
2.1	4.68e-06	-45030.9643625
2.1	4.76e-06	-43703.2944103
2.1	4.84e-06	-43622.6177676
2.1	4.92e-06	-43978.8972592
2.1	5e-06	-43970.6499018
2.1	5.08e-06	-47514.905292
2.1	5.16e-06	-44917.1166342
2.1	5.24e-06	-44121.5600466
2.1	5.32e-06	-47589.0631036
2.1	5.4e-06	-44776.4449631
2.1	5.48e-06	-45486.064084
2.1	5.56e-06	-45351.9117139
2.1	5.64e-06	-46064.0482164
2.1	5.72e-06	-47545.3254466
2.1	5.8e-06	-45564.9849281
2.1	5.88e-06	-47765.5400372
2.1	5.96e-06	-46144.3466923
2.1	6.04e-06	-45920.2083677
2.1	6.12e-06	-46146.7697179
2.1	6.2e-06	-45881.8035459
2.1	6.28e-06	-46839.4331487
2.1	6.36e-06	-46944.6515531
2.1	6.44e-06	-47301.3541481
2.1	6.52e-06	-47244.8917654
2.1	6.6e-06	-48309.1599267
2.1	6.68e-06	-47864.0676753
2.1	6.76e-06	-48200.4126493
2.1	6.84e-06	-47749.3154089
2.1	6.92e-06	-47324.9052727
2.16	3e-06	-44995.8406947
2.16	3.08e-06	-44821.1361632
2.16	3.16e-06	-44660.4904368
2.16	3.24e-06	-45111.2975397
2.16	3.32e-06	-42702.0038293
2.16	3.4e-06	-42751.3829091
2.16	3.48e-06	-44630.4739151
2.16	3.56e-06	-42288.3616526
2.16	3.64e-06	-44866.913769
2.16	3.72e-06	-43917.5302606
2.16	3.8e-06	-42775.9865192
2.16	3.88e-06	-42275.1538117
2.16	3.96e-06	-44002.2287977
2.16	4.04e-06	-43569.6255219
2.16	4.12e-06	-43271.0470583
2.16	4.2e-06	-43405.920821
2.16	4.28e-06	-41906.4478101
2.16	4.36e-06	-40909.1581335
2.16	4.44e-06	-47253.5721437
2.16	4.52e-06	-43612.9532365
2.16	4.6e-06	-44543.122383
2.16	4.68e-06	-42644.7062569
2.16	4.76e-06	-45243.618092
2.16	4.84e-06	-45493.987725
2.16	4.92e-06	-42900.1285401
2.16	5e-06	-42959.5872636
2.16	5.08e-06	-46081.4579538
2.16	5.16e-06	-45027.9901529
2.16	5.24e-06	-46259.6076846
2.16	5.32e-06	-44108.2006846
2.16	5.4e-06	-48508.1978718
2.16	5.48e-06	-45585.6169126
2.16	5.56e-06	-45732.7864624
2.16	5.64e-06	-47545.3276994
2.16	5.72e-06	-46419.2307846
2.16	5.8e-06	-46030.8789949
2.16	5.88e-06	-46644.1767239
2.16	5.96e-06	-45989.7228424
2.16	6.04e-06	-46702.3750109
2.16	6.12e-06	-46645.9254429
2.16	6.2e-06	-46568.9161734
2.16	6.28e-06	-48545.3273589
2.16	6.36e-06	-46874.1042474
2.16	6.44e-06	-47355.7156994
2.16	6.52e-06	-47538.2046599
2.16	6.6e-06	-46929.0663794
2.16	6.68e-06	-47672.8680353
2.16	6.76e-06	-48001.6029705
2.16	6.84e-06	-48181.2756626
2.16	6.92e-06	-48410.3575656
2.22	3e-06	-45489.4354069
2.22	3.08e-06	-44843.5259181
2.22	3.16e-06	-42703.1537471
2.22	3.24e-06	-43873.059975
2.22	3.32e-06	-44579.5474103
2.22	3.4e-06	-43053.1267962
2.22	3.48e-06	-45416.0015992
2.22	3.56e-06	-43288.6788377
2.22	3.64e-06	-42690.2046529
2.22	3.72e-06	-44322.2123069
2.22	3.8e-06	-42846.9604655
2.22	3.88e-06	-43828.2673282
2.22	3.96e-06	-39625.2807572
2.22	4.04e-06	-46593.6989838
2.22	4.12e-06	-43845.276018
2.22	4.2e-06	-44071.4650214
2.22	4.28e-06	-42212.980587
2.22	4.36e-06	-41229.6415456
2.22	4.44e-06	-43291.3290622
2.22	4.52e-06	-42539.0866098
2.22	4.6e-06	-43666.7966525
2.22	4.68e-06	-40884.0331753
2.22	4.76e-06	-43816.0402704
2.22	4.84e-06	-45670.5001297
2.22	4.92e-06	-45726.0076113
2.22	5e-06	-41890.103038
2.22	5.08e-06	-44161.5453005
2.22	5.16e-06	-45076.0103567
2.22	5.24e-06	-45581.9341764
2.22	5.32e-06	-46787.4431644
2.22	5.4e-06	-45063.7264534
2.22	5.48e-06	-46582.4543054
2.22	5.56e-06	-45448.9191317
2.22	5.64e-06	-45467.6518969
2.22	5.72e-06	-46348.8734576
2.22	5.8e-06	-46646.7607638
2.22	5.88e-06	-47542.8245473
2.22	5.96e-06	-46628.1144982
2.22	6.04e-06	-47446.695145
2.22	6.12e-06	-47486.9468254
2.22	6.2e-06	-48028.7879775
2.22	6.28e-06	-49410.5665995
2.22	6.36e-06	-47167.0468453
2.22	6.44e-06	-48543.6549426
2.22	6.52e-06	-48810.8377407
2.22	6.6e-06	-48426.247269
2.22	6.68e-06	-47600.7533452
2.22	6.76e-06	-48607.1704318
2.22	6.84e-06	-47866.43606
2.22	6.92e-06	-47781.0329421
2.28	3e-06	-45057.6292798
2.28	3.08e-06	-44128.8400424
2.28	3.16e-06	-44219.4297126
2.28	3.24e-06	-45066.9388592
2.28	3.32e-06	-44127.0755074
2.28	3.4e-06	-44280.3344812
2.28	3.48e-06	-44401.0280093
2.28	3.56e-06	-42640.9016735
2.28	3.64e-06	-42504.3297888
2.28	3.72e-06	-42712.6967492
2.28	3.8e-06	-41765.2568886
2.28	3.88e-06	-43830.1821288
2.28	3.96e-06	-40021.3972953
2.28	4.04e-06	-45294.2143134
2.28	4.12e-06	-44801.9489447
2.28	4.2e-06	-41769.8544962
2.28	4.28e-06	-43118.6394688
2.28	4.36e-06	-42809.8090497
2.28	4.44e-06	-43278.852071
2.28	4.52e-06	-44911.6593793
2.28	4.6e-06	-40496.563201
2.28	4.68e-06	-44036.4880471
2.28	4.76e-06	-43315.586843
2.28	4.84e-06	-42964.7758131
2.28	4.92e-06	-45084.1504467
2.28	5e-06	-45944.1626688
2.28	5.08e-06	-44772.7472643
2.28	5.16e-06	-44769.5806438
2.28	5.24e-06	-45244.8125579
2.28	5.32e-06	-44708.4133471
2.28	5.4e-06	-47464.873624
2.28	5.48e-06	-45760.3846484
2.28	5.56e-06	-46273.9988075
2.28	5.64e-06	-47540.5907252
2.28	5.72e-06	-45697.0402602
2.28	5.8e-06	-46119.8531001
2.28	5.88e-06	-47391.5078904
2.28	5.96e-06	-47446.6992199
2.28	6.04e-06	-46427.39614
2.28	6.12e-06	-47848.7816319
2.28	6.2e-06	-48111.9068048
2.28	6.28e-06	-48485.990765
2.28	6.36e-06	-47661.4957797
2.28	6.44e-06	-47627.8434351
2.28	6.52e-06	-47723.2273347
2.28	6.6e-06	-48414.0608572
2.28	6.68e-06	-47855.8875963
2.28	6.76e-06	-48031.199546
2.28	6.84e-06	-48186.6052667
2.28	6.92e-06	-48685.6101074
2.34	3e-06	-44749.0022741
2.34	3.08e-06	-43305.577182
2.34	3.16e-06	-43168.5374702
2.34	3.24e-06	-43984.0759835
2.34	3.32e-06	-43494.4657568
2.34	3.4e-06	-43565.2273244
2.34	3.48e-06	-44614.2266463
2.34	3.56e-06	-42759.1642716
2.34	3.64e-06	-43893.1919767
2.34	3.72e-06	-40359.1789286
2.34	3.8e-06	-42311.8579439
2.34	3.88e-06	-43259.6258122
2.34	3.96e-06	-47018.8023884
2.34	4.04e-06	-42112.1484575
2.34	4.12e-06	-41754.2711965
2.34	4.2e-06	-42838.6240689
2.34	4.28e-06	-44454.378862
2.34	4.36e-06	-41256.8747551
2.34	4.44e-06	-42613.5782344
2.34	4.52e-06	-44271.3324386
2.34	4.6e-06	-44930.9598353
2.34	4.68e-06	-43976.7828535
2.34	4.76e-06	-44948.5666874
2.34	4.84e-06	-47139.6438023
2.34	4.92e-06	-44784.9233226
2.34	5e-06	-43966.5760905
2.34	5.08e-06	-47195.5910137
2.34	5.16e-06	-44796.5384559
2.34	5.24e-06	-48210.4208435
2.34	5.32e-06	-46650.0242309
2.34	5.4e-06	-46701.4142106
2.34	5.48e-06	-45755.3743996
2.34	5.56e-06	-45512.8555144
2.34	5.64e-06	-45508.9037497
2.34	5.72e-06	-47814.2081334
2.34	5.8e-06	-48089.806545
2.34	5.88e-06	-47995.5880965
2.34	5.96e-06	-46931.226906
2.34	6.04e-06	-47407.5033775
2.34	6.12e-06	-48139.0241581
2.34	6.2e-06	-48118.8279928
2.34	6.28e-06	-47583.5044017
2.34	6.36e-06	-47174.4285403
2.34	6.44e-06	-46925.5741298
2.34	6.52e-06	-48336.5465386
2.34	6.6e-06	-47426.6644738
2.34	6.68e-06	-48107.2984378
2.34	6.76e-06	-47520.7494913
2.34	6.84e-06	-48534.929925
2.34	6.92e-06	-48119.6752769
2.4	3e-06	-47471.8093049
2.4	3.08e-06	-44219.5176767
2.4	3.16e-06	-44778.9188559
2.4	3.24e-06	-44234.7667706
2.4	3.32e-06	-47152.9919715
2.4	3.4e-06	-43568.1918203
2.4	3.48e-06	-44429.1766224
2.4	3.56e-06	-44445.7785789
2.4	3.64e-06	-43760.3625574
2.4	3.72e-06	-42858.6746766
2.4	3.8e-06	-39667.7895852
2.4	3.88e-06	-42271.9392375
2.4	3.96e-06	-42485.6842003
2.4	4.04e-06	-37733.331069
2.4	4.12e-06	-43504.7574489
2.4	4.2e-06	-42634.9366738
2.4	4.28e-06	-42604.5568644
2.4	4.36e-06	-46648.3371753
2.4	4.44e-06	-42028.2720682
2.4	4.52e-06	-42743.4726537
2.4	4.6e-06	-41935.4673709
2.4	4.68e-06	-44076.1021377
2.4	4.76e-06	-43895.5235802
2.4	4.84e-06	-43479.8327827
2.4	4.92e-06	-44020.0151949
2.4	5e-06	-44795.9522835
2.4	5.08e-06	-47555.0002458
2.4	5.16e-06	-46536.7900456
2.4	5.24e-06	-46838.8229827
2.4	5.32e-06	-45789.3759138
2.4	5.4e-06	-46923.4080592
2.4	5.48e-06	-46043.6309714
2.4	5.56e-06	-45134.9259648
2.4	5.64e-06	-47345.5272768
2.4	5.72e-06	-46255.2978959
2.4	5.8e-06	-48020.2686615
2.4	5.88e-06	-46864.3092302
2.4	5.96e-06	-47985.8750297
2.4	6.04e-06	-49120.3422146
2.4	6.12e-06	-48785.2422219
2.4	6.2e-06	-48538.5006602
2.4	6.28e-06	-47174.4340476
2.4	6.36e-06	-49163.352127
2.4	6.44e-06	-48111.0640068
2.4	6.52e-06	-48020.9590705
2.4	6.6e-06	-48091.3097013
2.4	6.68e-06	-47794.228033
2.4	6.76e-06	-48095.4423812
2.4	6.84e-06	-49439.8792722
2.4	6.92e-06	-48789.5180726
2.46	3e-06	-44154.8885101
2.46	3.08e-06	-42604.0084816
2.46	3.16e-06	-43347.8992706
2.46	3.24e-06	-42933.2506629
2.46	3.32e-06	-42321.1150793
2.46	3.4e-06	-42465.1190302
2.46	3.48e-06	-41044.7801489
2.46	3.56e-06	-42242.5813543
2.46	3.64e-06	-41633.1099234
2.46	3.72e-06	-41493.8289974
2.46	3.8e-06	-41513.3456915
2.46	3.88e-06	-43249.6273562
2.46	3.96e-06	-41470.0188745
2.46	4.04e-06	-42490.0458042
2.46	4.12e-06	-41661.6965357
2.46	4.2e-06	-40094.0013894
2.46	4.28e-06	-46096.2373437
2.46	4.36e-06	-40429.4954443
2.46	4.44e-06	-44881.3714113
2.46	4.52e-06	-44494.4478483
2.46	4.6e-06	-44843.7171099
2.46	4.68e-06	-43802.5834108
2.46	4.76e-06	-44634.7776329
2.46	4.84e-06	-45620.747041
2.46	4.92e-06	-46418.8598018
2.46	5e-06	-46677.2053026
2.46	5.08e-06	-46311.5680246
2.46	5.16e-06	-45336.0819303
2.46	5.24e-06	-46693.6638814
2.46	5.32e-06	-45485.941241
2.46	5.4e-06	-46398.0531235
2.46	5.48e-06	-46462.9179779
2.46	5.56e-06	-47093.6380241
2.46	5.64e-06	-46226.4833046
2.46	5.72e-06	-45983.5911555
2.46	5.8e-06	-47614.6232837
2.46	5.88e-06	-48329.7698734
2.46	5.96e-06	-47812.9738533
2.46	6.04e-06	-47986.8849845
2.46	6.12e-06	-48312.515672
2.46	6.2e-06	-47456.3250336
2.46	6.28e-06	-47944.242075
2.46	6.36e-06	-48573.4782057
2.46	6.44e-06	-48020.9619483
2.46	6.52e-06	-47178.2234983
2.46	6.6e-06	-48884.0940302
2.46	6.68e-06	-48328.9362132
2.46	6.76e-06	-48307.693077
2.46	6.84e-06	-49579.8665319
2.46	6.92e-06	-48474.0714164
2.52	3e-06	-42463.8272438
2.52	3.08e-06	-43637.6185495
2.52	3.16e-06	-42248.8171092
2.52	3.24e-06	-45776.1495135
2.52	3.32e-06	-43550.9892083
2.52	3.4e-06	-40766.1454428
2.52	3.48e-06	-43188.3342957
2.52	3.56e-06	-41582.1895383
2.52	3.64e-06	-42873.586265
2.52	3.72e-06	-44323.267533
2.52	3.8e-06	-40761.2813997
2.52	3.88e-06	-44510.2506975
2.52	3.96e-06	-42671.0138042
2.52	4.04e-06	-42584.9097966
2.52	4.12e-06	-44390.5549271
2.52	4.2e-06	-46165.4541964
2.52	4.28e-06	-43972.5857182
2.52	4.36e-06	-45410.9057844
2.52	4.44e-06	-43988.1940497
2.52	4.52e-06	-41465.8447844
2.52	4.6e-06	-44736.9752976
2.52	4.68e-06	-45939.6561538
2.52	4.76e-06	-47349.4963809
2.52	4.84e-06	-44261.4604608
2.52	4.92e-06	-46265.4491353
2.52	5e-06	-46582.4670845
2.52	5.08e-06	-46747.4279221
2.52	5.16e-06	-47336.0477672
2.52	5.24e-06	-47578.9776162
2.52	5.32e-06	-45688.7904611
2.52	5.4e-06	-47094.8611772
2.52	5.48e-06	-47397.6029835
2.52	5.56e-06	-45611.9490432
2.52	5.64e-06	-46861.0984684
2.52	5.72e-06	-46679.5835509
2.52	5.8e-06	-45927.046375
2.52	5.88e-06	-47846.9736042
2.52	5.96e-06	-48747.324564
2.52	6.04e-06	-47268.7994087
2.52	6.12e-06	-47418.8728187
2.52	6.2e-06	-48517.0419309
2.52	6.28e-06	-48469.3413742
2.52	6.36e-06	-48275.139334
2.52	6.44e-06	-48047.2800134
2.52	6.52e-06	-48493.5614833
2.52	6.6e-06	-48328.9371025
2.52	6.68e-06	-48687.0500658
2.52	6.76e-06	-48416.0292471
2.52	6.84e-06	-48742.7341706
2.52	6.92e-06	-48570.719468
2.58	3e-06	-45611.4044161
2.58	3.08e-06	-43020.6309898
2.58	3.16e-06	-42264.0703635
2.58	3.24e-06	-42986.7694539
2.58	3.32e-06	-42556.3835704
2.58	3.4e-06	-42651.7397998
2.58	3.48e-06	-42452.8306309
2.58	3.56e-06	-43644.9676901
2.58	3.64e-06	-42474.7007896
2.58	3.72e-06	-43141.3816685
2.58	3.8e-06	-41894.4703706
2.58	3.88e-06	-40313.7672161
2.58	3.96e-06	-46458.116486
2.58	4.04e-06	-41518.9514326
2.58	4.12e-06	-43471.4768974
2.58	4.2e-06	-43034.8479425
2.58	4.28e-06	-42923.8027352
2.58	4.36e-06	-42648.2112448
2.58	4.44e-06	-44416.0310784
2.58	4.52e-06	-46781.5142535
2.58	4.6e-06	-42749.8289404
2.58	4.68e-06	-43188.6682938
2.58	4.76e-06	-46921.6969004
2.58	4.84e-06	-45928.0475613
2.58	4.92e-06	-44933.4360401
2.58	5e-06	-45291.1329017
2.58	5.08e-06	-45452.4178297
2.58	5.16e-06	-48073.47882
2.58	5.24e-06	-45924.9254975
2.58	5.32e-06	-46912.0524654
2.58	5.4e-06	-45894.2812798
2.58	5.48e-06	-46782.8057821
2.58	5.56e-06	-46838.4591775
2.58	5.64e-06	-49408.2892566
2.58	5.72e-06	-47496.6282717
2.58	5.8e-06	-47836.2987523
2.58	5.88e-06	-48145.8841331
2.58	5.96e-06	-47933.7896951
2.58	6.04e-06	-47962.0229215
2.58	6.12e-06	-48587.0438025
2.58	6.2e-06	-48570.2253655
2.58	6.28e-06	-48432.1252327
2.58	6.36e-06	-48271.8520881
2.58	6.44e-06	-48163.5622595
2.58	6.52e-06	-47992.9710201
2.58	6.6e-06	-48023.1334811
2.58	6.68e-06	-49045.5413493
2.58	6.76e-06	-48742.7364777
2.58	6.84e-06	-48398.4197841
2.58	6.92e-06	-49730.6882147
2.64	3e-06	-45172.6712187
2.64	3.08e-06	-43217.7614117
2.64	3.16e-06	-42634.6214962
2.64	3.24e-06	-43850.2968518
2.64	3.32e-06	-43065.781535
2.64	3.4e-06	-43718.8538064
2.64	3.48e-06	-42797.7220602
2.64	3.56e-06	-43500.8881483
2.64	3.64e-06	-41051.4602928
2.64	3.72e-06	-41760.3127766
2.64	3.8e-06	-43653.3290742
2.64	3.88e-06	-41112.5179839
2.64	3.96e-06	-42353.5900337
2.64	4.04e-06	-44075.322537
2.64	4.12e-06	-43613.8043495
2.64	4.2e-06	-43607.9449646
2.64	4.28e-06	-43018.6712522
2.64	4.36e-06	-44825.0927545
2.64	4.44e-06	-45634.0498039
2.64	4.52e-06	-44693.5559693
2.64	4.6e-06	-45820.9702383
2.64	4.68e-06	-44362.3692319
2.64	4.76e-06	-46388.899092
2.64	4.84e-06	-44334.6660757
2.64	4.92e-06	-47268.9675931
2.64	5e-06	-45552.8699298
2.64	5.08e-06	-46336.7812871
2.64	5.16e-06	-45773.6517464
2.64	5.24e-06	-46515.6679208
2.64	5.32e-06	-47016.2062177
2.64	5.4e-06	-46650.562361
2.64	5.48e-06	-47440.3737161
2.64	5.56e-06	-47970.7184162
2.64	5.64e-06	-46512.1112859
2.64	5.72e-06	-46515.4821124
2.64	5.8e-06	-46730.2230197
2.64	5.88e-06	-48583.9815904
2.64	5.96e-06	-46982.8796625
2.64	6.04e-06	-47610.8380049
2.64	6.12e-06	-47610.1432631
2.64	6.2e-06	-48134.3227124
2.64	6.28e-06	-48538.8924005
2.64	6.36e-06	-48574.9009899
2.64	6.44e-06	-48165.3157258
2.64	6.52e-06	-48516.102339
2.64	6.6e-06	-48373.774039
2.64	6.68e-06	-48333.1324962
2.64	6.76e-06	-48414.974485
2.64	6.84e-06	-49113.6168185
2.64	6.92e-06	-48939.1595889
2.7	3e-06	-43087.111509
2.7	3.08e-06	-42978.5224169
2.7	3.16e-06	-43667.6819098
2.7	3.24e-06	-45396.6623934
2.7	3.32e-06	-43086.9779059
2.7	3.4e-06	-41426.1357257
2.7	3.48e-06	-44347.813368
2.7	3.56e-06	-41385.3743556
2.7	3.64e-06	-42716.8307656
2.7	3.72e-06	-45872.2855612
2.7	3.8e-06	-42206.0420083
2.7	3.88e-06	-44298.966025
2.7	3.96e-06	-42579.5832538
2.7	4.04e-06	-44910.6569111
2.7	4.12e-06	-44574.3983998
2.7	4.2e-06	-44434.3864653
2.7	4.28e-06	-43563.146917
2.7	4.36e-06	-43487.3089105
2.7	4.44e-06	-43344.7881158
2.7	4.52e-06	-45546.2392631
2.7	4.6e-06	-47400.5283477
2.7	4.68e-06	-45835.4065338
2.7	4.76e-06	-45104.5902956
2.7	4.84e-06	-45584.6004821
2.7	4.92e-06	-48104.1364667
2.7	5e-06	-46297.516934
2.7	5.08e-06	-46773.8946278
2.7	5.16e-06	-47507.1537033
2.7	5.24e-06	-47426.2016474
2.7	5.32e-06	-47069.8058977
2.7	5.4e-06	-47793.9563791
2.7	5.48e-06	-47264.9497033
2.7	5.56e-06	-47053.4008667
2.7	5.64e-06	-48500.8309118
2.7	5.72e-06	-46782.977846
2.7	5.8e-06	-48112.6644312
2.7	5.88e-06	-47940.1110103
2.7	5.96e-06	-47865.1344403
2.7	6.04e-06	-47512.6727688
2.7	6.12e-06	-48368.6155164
2.7	6.2e-06	-48536.260919
2.7	6.28e-06	-48463.1690768
2.7	6.36e-06	-49171.9003864
2.7	6.44e-06	-48002.7342696
2.7	6.52e-06	-48124.4782528
2.7	6.6e-06	-49183.8569088
2.7	6.68e-06	-49421.8048467
2.7	6.76e-06	-48696.7770383
2.7	6.84e-06	-48952.469931
2.7	6.92e-06	-49557.5542951
2.76	3e-06	-42259.520663
2.76	3.08e-06	-42848.0781865
2.76	3.16e-06	-43149.3890045
2.76	3.24e-06	-42173.0138442
2.76	3.32e-06	-43020.3399275
2.76	3.4e-06	-41898.8240732
2.76	3.48e-06	-42300.7664429
2.76	3.56e-06	-40964.0475082
2.76	3.64e-06	-44217.5868831
2.76	3.72e-06	-43931.6718999
2.76	3.8e-06	-43688.34393
2.76	3.88e-06	-45416.8482631
2.76	3.96e-06	-41002.6224064
2.76	4.04e-06	-43171.434197
2.76	4.12e-06	-43940.4058175
2.76	4.2e-06	-43641.3669573
2.76	4.28e-06	-44239.5403322
2.76	4.36e-06	-44282.5931285
2.76	4.44e-06	-43129.1665546
2.76	4.52e-06	-46996.6811639
2.76	4.6e-06	-46922.0068597
2.76	4.68e-06	-45382.1558304
2.76	4.76e-06	-44640.9996257
2.76	4.84e-06	-45963.458199
2.76	4.92e-06	-46918.7214592
2.76	5e-06	-44825.2625382
2.76	5.08e-06	-45883.1782469
2.76	5.16e-06	-45870.7912736
2.76	5.24e-06	-46517.3043328
2.76	5.32e-06	-46546.6314101
2.76	5.4e-06	-47842.8680981
2.76	5.48e-06	-48519.1989968
2.76	5.56e-06	-48138.9427917
2.76	5.64e-06	-47954.1567487
2.76	5.72e-06	-48262.8008494
2.76	5.8e-06	-47545.9197807
2.76	5.88e-06	-48255.4234075
2.76	5.96e-06	-48334.1482834
2.76	6.04e-06	-47006.779534
2.76	6.12e-06	-47157.97915
2.76	6.2e-06	-48079.7058677
2.76	6.28e-06	-48416.8636621
2.76	6.36e-06	-48864.5505239
2.76	6.44e-06	-47882.1383747
2.76	6.52e-06	-49637.748241
2.76	6.6e-06	-49699.1795868
2.76	6.68e-06	-48394.1993341
2.76	6.76e-06	-49238.8450643
2.76	6.84e-06	-49110.320702
2.76	6.92e-06	-49783.3268279
2.82	3e-06	-43332.6701472
2.82	3.08e-06	-42010.9293879
2.82	3.16e-06	-44134.2609854
2.82	3.24e-06	-40486.7377862
2.82	3.32e-06	-41154.0130073
2.82	3.4e-06	-40729.6824249
2.82	3.48e-06	-39894.2010007
2.82	3.56e-06	-42340.8647505
2.82	3.64e-06	-45228.0153505
2.82	3.72e-06	-40321.9105862
2.82	3.8e-06	-47159.3503305
2.82	3.88e-06	-41518.069679
2.82	3.96e-06	-42471.1922832
2.82	4.04e-06	-45208.9890645
2.82	4.12e-06	-45301.714767
2.82	4.2e-06	-41391.0561456
2.82	4.28e-06	-43771.9177225
2.82	4.36e-06	-44766.3272595
2.82	4.44e-06	-44716.2238284
2.82	4.52e-06	-44744.6943141
2.82	4.6e-06	-43525.7153522
2.82	4.68e-06	-45194.922143
2.82	4.76e-06	-43540.9503167
2.82	4.84e-06	-46777.6618615
2.82	4.92e-06	-47067.6802573
2.82	5e-06	-47543.0328007
2.82	5.08e-06	-46272.9962292
2.82	5.16e-06	-45631.97308
2.82	5.24e-06	-46554.1960778
2.82	5.32e-06	-47340.5101987
2.82	5.4e-06	-47550.2831794
2.82	5.48e-06	-48288.9871876
2.82	5.56e-06	-48396.4364547
2.82	5.64e-06	-46767.0033042
2.82	5.72e-06	-47081.0368321
2.82	5.8e-06	-47801.1468233
2.82	5.88e-06	-47381.3102596
2.82	5.96e-06	-48328.497657
2.82	6.04e-06	-47639.9244822
2.82	6.12e-06	-47844.5814643
2.82	6.2e-06	-47557.502134
2.82	6.28e-06	-47480.3496272
2.82	6.36e-06	-48136.5332475
2.82	6.44e-06	-49054.3668074
2.82	6.52e-06	-48485.9736501
2.82	6.6e-06	-48630.4223796
2.82	6.68e-06	-49433.1317356
2.82	6.76e-06	-50279.3636189
2.82	6.84e-06	-50126.6830457
2.82	6.92e-06	-50276.4071385
2.88	3e-06	-44934.0845297
2.88	3.08e-06	-42163.2009517
2.88	3.16e-06	-42879.0739535
2.88	3.24e-06	-43338.1403933
2.88	3.32e-06	-42720.4500279
2.88	3.4e-06	-43452.6309232
2.88	3.48e-06	-44017.6479244
2.88	3.56e-06	-42114.9394926
2.88	3.64e-06	-37922.6276655
2.88	3.72e-06	-43457.132993
2.88	3.8e-06	-42967.5179142
2.88	3.88e-06	-43223.2883778
2.88	3.96e-06	-41531.8529441
2.88	4.04e-06	-44054.1752251
2.88	4.12e-06	-42042.1927301
2.88	4.2e-06	-43453.4524432
2.88	4.28e-06	-42722.1210249
2.88	4.36e-06	-42355.883611
2.88	4.44e-06	-43269.1740975
2.88	4.52e-06	-46012.3836382
2.88	4.6e-06	-47254.2583986
2.88	4.68e-06	-45476.9998796
2.88	4.76e-06	-45953.2297991
2.88	4.84e-06	-47194.7130109
2.88	4.92e-06	-46740.57333
2.88	5e-06	-45229.5199886
2.88	5.08e-06	-47813.6925707
2.88	5.16e-06	-48858.234978
2.88	5.24e-06	-46455.2065547
2.88	5.32e-06	-47457.4587117
2.88	5.4e-06	-46215.4079775
2.88	5.48e-06	-45967.6130545
2.88	5.56e-06	-47018.5961519
2.88	5.64e-06	-48192.1001902
2.88	5.72e-06	-48158.9875088
2.88	5.8e-06	-48417.9831893
2.88	5.88e-06	-48668.8690733
2.88	5.96e-06	-48612.5193801
2.88	6.04e-06	-47457.0574642
2.88	6.12e-06	-49152.4072562
2.88	6.2e-06	-49233.1818971
2.88	6.28e-06	-48733.2440141
2.88	6.36e-06	-49827.8322094
2.88	6.44e-06	-49322.8879945
2.88	6.52e-06	-49049.1985429
2.88	6.6e-06	-49762.0333303
2.88	6.68e-06	-49682.2410129
2.88	6.76e-06	-49232.2381844
2.88	6.84e-06	-49661.4132414
2.88	6.92e-06	-48731.3873313
2.94	3e-06	-46003.8994824
2.94	3.08e-06	-41019.7116012
2.94	3.16e-06	-41636.2948567
2.94	3.24e-06	-44944.8391053
2.94	3.32e-06	-45710.218453
2.94	3.4e-06	-42859.5345921
2.94	3.48e-06	-43974.5003974
2.94	3.56e-06	-42863.9341585
2.94	3.64e-06	-41520.73909
2.94	3.72e-06	-44980.8475576
2.94	3.8e-06	-41789.4151386
2.94	3.88e-06	-42134.5328457
2.94	3.96e-06	-43461.6216928
2.94	4.04e-06	-42607.5691674
2.94	4.12e-06	-43887.6971578
2.94	4.2e-06	-46230.4033152
2.94	4.28e-06	-45074.2807175
2.94	4.36e-06	-44765.0583306
2.94	4.44e-06	-46306.9017963
2.94	4.52e-06	-44663.2390126
2.94	4.6e-06	-47103.7786039
2.94	4.68e-06	-45951.9908494
2.94	4.76e-06	-45175.1369939
2.94	4.84e-06	-45895.2292568
2.94	4.92e-06	-45763.4347444
2.94	5e-06	-45759.776614
2.94	5.08e-06	-47028.4595847
2.94	5.16e-06	-46204.9295099
2.94	5.24e-06	-48312.0340398
2.94	5.32e-06	-46556.4883992
2.94	5.4e-06	-46113.1333428
2.94	5.48e-06	-47918.4619765
2.94	5.56e-06	-47223.9324702
2.94	5.64e-06	-48667.3752016
2.94	5.72e-06	-49489.3881666
2.94	5.8e-06	-47302.1214316
2.94	5.88e-06	-48537.1014173
2.94	5.96e-06	-48060.3588798
2.94	6.04e-06	-49151.0910665
2.94	6.12e-06	-48659.1120975
2.94	6.2e-06	-49324.9616546
2.94	6.28e-06	-48656.2123506
2.94	6.36e-06	-49384.9028871
2.94	6.44e-06	-48803.0176264
2.94	6.52e-06	-48935.5476336
2.94	6.6e-06	-49301.9760035
2.94	6.68e-06	-49576.3483444
2.94	6.76e-06	-48863.4699386
2.94	6.84e-06	-49370.4045699
2.94	6.92e-06	-50042.8625817
